32 10000 0.183810
32 9500 0.188954
32 9000 0.188754
32 8500 0.188738
32 8000 0.188785
32 7500 0.188843
32 7000 0.188896
32 6500 0.188864
32 6000 0.188765
32 5500 0.188806
32 5000 0.185904
32 4500 0.111561
32 4000 0.105364
32 3500 0.105382
32 3000 0.105398
32 2500 0.105360
32 2000 0.105366
32 1500 0.105384
32 1000 0.105367
32 500 0.105362
30 10000 0.105500
30 9500 0.105629
30 9000 0.105628
30 8500 0.105610
30 8000 0.105639
30 7500 0.105792
30 7000 0.105615
30 6500 0.105613
30 6000 0.105547
30 5500 0.105596
30 5000 0.105551
30 4500 0.105592
30 4000 0.105555
30 3500 0.105606
30 3000 0.105569
30 2500 0.105612
30 2000 0.105573
30 1500 0.105343
30 1000 0.105361
30 500 0.105372
28 10000 0.105393
28 9500 0.105333
28 9000 0.105423
28 8500 0.105378
28 8000 0.105374
28 7500 0.105352
28 7000 0.105368
28 6500 0.105339
28 6000 0.105532
28 5500 0.105575
28 5000 0.105578
28 4500 0.105595
28 4000 0.105566
28 3500 0.105587
28 3000 0.105537
28 2500 0.105624
28 2000 0.105592
28 1500 0.105598
28 1000 0.105571
28 500 0.105606
26 10000 0.105556
26 9500 0.105628
26 9000 0.105613
26 8500 0.105554
26 8000 0.105565
26 7500 0.105622
26 7000 0.105564
26 6500 0.105608
26 6000 0.105567
26 5500 0.105599
26 5000 0.105572
26 4500 0.105569
26 4000 0.105585
26 3500 0.105597
26 3000 0.105577
26 2500 0.105358
26 2000 0.105352
26 1500 0.105400
26 1000 0.105373
26 500 0.105353
24 10000 0.105403
24 9500 0.105440
24 9000 0.105727
24 8500 0.105487
24 8000 0.105435
24 7500 0.105342
24 7000 0.105351
24 6500 0.105549
24 6000 0.105358
24 5500 0.105370
24 5000 0.105556
24 4500 0.105598
24 4000 0.105625
24 3500 0.105607
24 3000 0.105561
24 2500 0.105590
24 2000 0.105645
24 1500 0.105642
24 1000 0.105591
24 500 0.105636
22 10000 0.105570
22 9500 0.105579
22 9000 0.105611
22 8500 0.105633
22 8000 0.105603
22 7500 0.105645
22 7000 0.105616
22 6500 0.105622
22 6000 0.105611
22 5500 0.105615
22 5000 0.105582
22 4500 0.105606
22 4000 0.105612
22 3500 0.105567
22 3000 0.105583
22 2500 0.105594
22 2000 0.105700
22 1500 0.105596
22 1000 0.105657
22 500 0.105575
20 10000 0.105576
20 9500 0.105556
20 9000 0.105592
20 8500 0.105560
20 8000 0.105609
20 7500 0.105607
20 7000 0.105556
20 6500 0.105595
20 6000 0.105568
20 5500 0.105585
20 5000 0.105553
20 4500 0.105640
20 4000 0.105577
20 3500 0.105554
20 3000 0.105563
20 2500 0.105595
20 2000 0.105534
20 1500 0.105589
20 1000 0.105563
20 500 0.105597
18 10000 0.105631
18 9500 0.105612
18 9000 0.105555
18 8500 0.105667
18 8000 0.105557
18 7500 0.105592
18 7000 0.105582
18 6500 0.105347
18 6000 0.105390
18 5500 0.105385
18 5000 0.105363
18 4500 0.105403
18 4000 0.105339
18 3500 0.105357
18 3000 0.105390
18 2500 0.105375
18 2000 0.105441
18 1500 0.105359
18 1000 0.105365
18 500 0.105332
16 10000 0.105365
16 9500 0.105375
16 9000 0.105371
16 8500 0.105374
16 8000 0.105350
16 7500 0.105370
16 7000 0.105349
16 6500 0.105346
16 6000 0.105379
16 5500 0.105410
16 5000 0.105351
16 4500 0.105339
16 4000 0.105390
16 3500 0.105359
16 3000 0.105324
16 2500 0.105363
16 2000 0.105309
16 1500 0.105327
16 1000 0.105338
16 500 0.105400
14 10000 0.105358
14 9500 0.105364
14 9000 0.105338
14 8500 0.105512
14 8000 0.105348
14 7500 0.105323
14 7000 0.105338
14 6500 0.105340
14 6000 0.105368
14 5500 0.105351
14 5000 0.105396
14 4500 0.105415
14 4000 0.105381
14 3500 0.105359
14 3000 0.105397
14 2500 0.105328
14 2000 0.105339
14 1500 0.105478
14 1000 0.105385
14 500 0.105318
12 10000 0.105338
12 9500 0.105358
12 9000 0.105323
12 8500 0.105386
12 8000 0.105353
12 7500 0.105360
12 7000 0.105381
12 6500 0.105370
12 6000 0.105349
12 5500 0.105345
12 5000 0.105448
12 4500 0.105374
12 4000 0.105338
12 3500 0.105414
12 3000 0.105322
12 2500 0.105334
12 2000 0.105339
12 1500 0.105374
12 1000 0.105357
12 500 0.105337
10 10000 0.105365
10 9500 0.105376
10 9000 0.105343
10 8500 0.105362
10 8000 0.105471
10 7500 0.105413
10 7000 0.105391
10 6500 0.105328
10 6000 0.105335
10 5500 0.105429
10 5000 0.105361
10 4500 0.105345
10 4000 0.105429
10 3500 0.105346
10 3000 0.105332
10 2500 0.105361
10 2000 0.105366
10 1500 0.105362
10 1000 0.105395
10 500 0.105381
8 10000 0.105553
8 9500 0.105586
8 9000 0.105390
8 8500 0.105341
8 8000 0.105332
8 7500 0.105347
8 7000 0.105346
8 6500 0.105316
8 6000 0.105424
8 5500 0.105409
8 5000 0.105345
8 4500 0.105492
8 4000 0.105375
8 3500 0.105334
8 3000 0.105460
8 2500 0.105373
8 2000 0.105367
8 1500 0.105347
8 1000 0.105359
8 500 0.105348
6 10000 0.105409
6 9500 0.105323
6 9000 0.105352
6 8500 0.105400
6 8000 0.105371
6 7500 0.105381
6 7000 0.105370
6 6500 0.105332
6 6000 0.105388
6 5500 0.105306
6 5000 0.105404
6 4500 0.105368
6 4000 0.105520
6 3500 0.105578
6 3000 0.105610
6 2500 0.105584
6 2000 0.105637
6 1500 0.105625
6 1000 0.105625
6 500 0.105791
4 10000 0.105602
4 9500 0.105581
4 9000 0.105614
4 8500 0.105601
4 8000 0.105565
4 7500 0.105659
4 7000 0.105542
4 6500 0.105621
4 6000 0.105541
4 5500 0.105610
4 5000 0.105549
4 4500 0.105552
4 4000 0.105550
4 3500 0.105571
4 3000 0.105553
4 2500 0.105584
4 2000 0.105578
4 1500 0.105545
4 1000 0.105585
4 500 0.105555
2 10000 0.105572
2 9500 0.105573
2 9000 0.105550
2 8500 0.105552
2 8000 0.105545
2 7500 0.105573
2 7000 0.105634
2 6500 0.105596
2 6000 0.105599
2 5500 0.105612
2 5000 0.105659
2 4500 0.105554
2 4000 0.105360
2 3500 0.105338
2 3000 0.105455
2 2500 0.105582
2 2000 0.105579
2 1500 0.105594
2 1000 0.105450
2 500 0.105344
