30 10000 0.098798
30 9500 0.097394
30 9000 0.097578
30 8500 0.098390
30 8000 0.097657
30 7500 0.097721
30 7000 0.097468
30 6500 0.097468
30 6000 0.105606
30 5500 0.104801
30 5000 0.097694
30 4500 0.097444
30 4000 0.099202
30 3500 0.106172
30 3000 0.101132
30 2500 0.098430
30 2000 0.097460
30 1500 0.097440
30 1000 0.106337
30 500 0.109663
28 10000 0.100518
28 9500 0.103311
28 9000 0.100972
28 8500 0.107387
28 8000 0.097621
28 7500 0.097447
28 7000 0.097438
28 6500 0.097831
28 6000 0.113339
28 5500 0.104682
28 5000 0.097558
28 4500 0.097573
28 4000 0.097750
28 3500 0.097734
28 3000 0.097544
28 2500 0.097500
28 2000 0.097422
28 1500 0.097466
28 1000 0.108379
28 500 0.102446
26 10000 0.097709
26 9500 0.097485
26 9000 0.097398
26 8500 0.097551
26 8000 0.097558
26 7500 0.103174
26 7000 0.103074
26 6500 0.097469
26 6000 0.108909
26 5500 0.103065
26 5000 0.097484
26 4500 0.097919
26 4000 0.097629
26 3500 0.109353
26 3000 0.106573
26 2500 0.116463
26 2000 0.097598
26 1500 0.101035
26 1000 0.109774
26 500 0.101322
24 10000 0.097680
24 9500 0.097834
24 9000 0.101780
24 8500 0.099058
24 8000 0.097548
24 7500 0.097417
24 7000 0.097470
24 6500 0.097654
24 6000 0.097397
24 5500 0.097868
24 5000 0.097478
24 4500 0.097435
24 4000 0.097584
24 3500 0.097496
24 3000 0.097541
24 2500 0.097754
24 2000 0.097628
24 1500 0.097850
24 1000 0.109628
24 500 0.102854
22 10000 0.097774
22 9500 0.098237
22 9000 0.098916
22 8500 0.106091
22 8000 0.097529
22 7500 0.097432
22 7000 0.097432
22 6500 0.098606
22 6000 0.109632
22 5500 0.103079
22 5000 0.097473
22 4500 0.097468
22 4000 0.099004
22 3500 0.109603
22 3000 0.102448
22 2500 0.125701
22 2000 0.145972
22 1500 0.098538
22 1000 0.097531
22 500 0.097642
20 10000 0.097433
20 9500 0.097554
20 9000 0.107829
20 8500 0.106996
20 8000 0.097416
20 7500 0.097466
20 7000 0.097599
20 6500 0.108771
20 6000 0.104945
20 5500 0.097436
20 5000 0.097468
20 4500 0.097481
20 4000 0.109510
20 3500 0.108019
20 3000 0.097494
20 2500 0.097462
20 2000 0.098587
20 1500 0.109627
20 1000 0.102741
20 500 0.097515
18 10000 0.097724
18 9500 0.099405
18 9000 0.109434
18 8500 0.097522
18 8000 0.097492
18 7500 0.097466
18 7000 0.099565
18 6500 0.109626
18 6000 0.101896
18 5500 0.097361
18 5000 0.097468
18 4500 0.100321
18 4000 0.104235
18 3500 0.098110
18 3000 0.127313
18 2500 0.145769
18 2000 0.109628
18 1500 0.103854
18 1000 0.097512
18 500 0.097622
16 10000 0.098486
16 9500 0.106113
16 9000 0.097562
16 8500 0.097419
16 8000 0.097448
16 7500 0.097934
16 7000 0.106073
16 6500 0.097632
16 6000 0.097478
16 5500 0.097429
16 5000 0.097554
16 4500 0.109701
16 4000 0.106058
16 3500 0.097425
16 3000 0.097454
16 2500 0.097544
16 2000 0.097403
16 1500 0.097432
16 1000 0.097695
16 500 0.097478
14 10000 0.097469
14 9500 0.107006
14 9000 0.097527
14 8500 0.097514
14 8000 0.097429
14 7500 0.097468
14 7000 0.100622
14 6500 0.097496
14 6000 0.097525
14 5500 0.097467
14 5000 0.097584
14 4500 0.107595
14 4000 0.103911
14 3500 0.114094
14 3000 0.140991
14 2500 0.120588
14 2000 0.106785
14 1500 0.097530
14 1000 0.097585
14 500 0.097986
12 10000 0.106143
12 9500 0.098453
12 9000 0.097526
12 8500 0.097438
12 8000 0.097469
12 7500 0.105653
12 7000 0.109219
12 6500 0.097577
12 6000 0.097597
12 5500 0.097651
12 5000 0.097669
12 4500 0.108060
12 4000 0.098365
12 3500 0.097711
12 3000 0.097468
12 2500 0.106545
12 2000 0.107167
12 1500 0.097593
12 1000 0.097496
12 500 0.097476
10 10000 0.107129
10 9500 0.097463
10 9000 0.097565
10 8500 0.097432
10 8000 0.097467
10 7500 0.097611
10 7000 0.097489
10 6500 0.097498
10 6000 0.097468
10 5500 0.097740
10 5000 0.105458
10 4500 0.104653
10 4000 0.103811
10 3500 0.142797
10 3000 0.126820
10 2500 0.109553
10 2000 0.101154
10 1500 0.097430
10 1000 0.098656
10 500 0.104650
8 10000 0.100324
8 9500 0.097572
8 9000 0.097486
8 8500 0.097466
8 8000 0.103767
8 7500 0.098762
8 7000 0.098061
8 6500 0.097478
8 6000 0.097700
8 5500 0.103669
8 5000 0.109692
8 4500 0.099799
8 4000 0.097479
8 3500 0.097322
8 3000 0.104481
8 2500 0.109771
8 2000 0.097682
8 1500 0.097693
8 1000 0.097752
8 500 0.105390
6 10000 0.101397
6 9500 0.097566
6 9000 0.097472
6 8500 0.097470
6 8000 0.102772
6 7500 0.097650
6 7000 0.097795
6 6500 0.097387
6 6000 0.097493
6 5500 0.104300
6 5000 0.100172
6 4500 0.098252
6 4000 0.142893
6 3500 0.131344
6 3000 0.109326
6 2500 0.097747
6 2000 0.097649
6 1500 0.097626
6 1000 0.101938
6 500 0.102820
4 10000 0.097587
4 9500 0.097493
4 9000 0.097569
4 8500 0.101558
4 8000 0.109589
4 7500 0.099759
4 7000 0.097488
4 6500 0.097576
4 6000 0.102260
4 5500 0.109696
4 5000 0.100341
4 4500 0.097503
4 4000 0.097455
4 3500 0.103110
4 3000 0.109626
4 2500 0.100824
4 2000 0.097504
4 1500 0.097676
4 1000 0.104282
4 500 0.101834
2 10000 0.097695
2 9500 0.097599
2 9000 0.097603
2 8500 0.104120
2 8000 0.103213
2 7500 0.097477
2 7000 0.097465
2 6500 0.097455
2 6000 0.104093
2 5500 0.104587
2 5000 0.098334
2 4500 0.140615
2 4000 0.131161
2 3500 0.108688
2 3000 0.097503
2 2500 0.097497
2 2000 0.097754
2 1500 0.101616
2 1000 0.110899
2 500 0.097668
