50 10000 0.004280
50 9700 0.004317
50 9400 0.004317
50 9100 0.004286
50 8800 0.004417
50 8500 0.004477
50 8200 0.004337
50 7900 0.004299
50 7600 0.004317
50 7300 0.004326
50 7000 0.004303
50 6700 0.004316
50 6400 0.004337
50 6100 0.004289
50 5800 0.004244
50 5500 0.004266
50 5200 0.004257
50 4900 0.004270
50 4600 0.004271
50 4300 0.004273
50 4000 0.004288
50 3700 0.004264
50 3400 0.004247
50 3100 0.004266
50 2800 0.004305
50 2500 0.004254
50 2200 0.004237
50 1900 0.004275
50 1600 0.004251
50 1300 0.004270
50 1000 0.004242
50 700 0.004257
50 400 0.004304
50 100 0.004310
48 10000 0.004230
48 9700 0.004282
48 9400 0.004254
48 9100 0.004273
48 8800 0.004295
48 8500 0.004282
48 8200 0.004241
48 7900 0.004260
48 7600 0.004286
48 7300 0.004280
48 7000 0.004260
48 6700 0.004251
48 6400 0.004241
48 6100 0.004241
48 5800 0.004281
48 5500 0.004250
48 5200 0.004282
48 4900 0.004271
48 4600 0.004273
48 4300 0.004235
48 4000 0.004266
48 3700 0.004261
48 3400 0.004236
48 3100 0.004260
48 2800 0.004238
48 2500 0.004275
48 2200 0.004246
48 1900 0.004277
48 1600 0.004259
48 1300 0.004277
48 1000 0.004237
48 700 0.004272
48 400 0.004256
48 100 0.004280
46 10000 0.004281
46 9700 0.004222
46 9400 0.004226
46 9100 0.004278
46 8800 0.004282
46 8500 0.004243
46 8200 0.004252
46 7900 0.004227
46 7600 0.004265
46 7300 0.004264
46 7000 0.004276
46 6700 0.004277
46 6400 0.004252
46 6100 0.004218
46 5800 0.004256
46 5500 0.004290
46 5200 0.004264
46 4900 0.004238
46 4600 0.004260
46 4300 0.004227
46 4000 0.004290
46 3700 0.004293
46 3400 0.004249
46 3100 0.004242
46 2800 0.004221
46 2500 0.004204
46 2200 0.004260
46 1900 0.004262
46 1600 0.004240
46 1300 0.004287
46 1000 0.004250
46 700 0.004259
46 400 0.004278
46 100 0.004287
44 10000 0.004246
44 9700 0.004265
44 9400 0.004246
44 9100 0.004266
44 8800 0.004295
44 8500 0.004272
44 8200 0.004246
44 7900 0.004272
44 7600 0.004236
44 7300 0.004288
44 7000 0.004286
44 6700 0.004261
44 6400 0.004243
44 6100 0.004277
44 5800 0.004245
44 5500 0.004279
44 5200 0.004282
44 4900 0.004293
44 4600 0.004309
44 4300 0.004296
44 4000 0.004300
44 3700 0.004269
44 3400 0.004314
44 3100 0.004274
44 2800 0.004283
44 2500 0.004279
44 2200 0.004273
44 1900 0.004302
44 1600 0.004271
44 1300 0.004271
44 1000 0.004270
44 700 0.004269
44 400 0.004190
44 100 0.004305
42 10000 0.004290
42 9700 0.004298
42 9400 0.004286
42 9100 0.004281
42 8800 0.004290
42 8500 0.004282
42 8200 0.004271
42 7900 0.004307
42 7600 0.004270
42 7300 0.004284
42 7000 0.004295
42 6700 0.004241
42 6400 0.004297
42 6100 0.004264
42 5800 0.004272
42 5500 0.004315
42 5200 0.004347
42 4900 0.004225
42 4600 0.004246
42 4300 0.004288
42 4000 0.004293
42 3700 0.004273
42 3400 0.004281
42 3100 0.004242
42 2800 0.004288
42 2500 0.004287
42 2200 0.004266
42 1900 0.004267
42 1600 0.004236
42 1300 0.004255
42 1000 0.004282
42 700 0.004247
42 400 0.004303
42 100 0.004287
40 10000 0.004291
40 9700 0.004285
40 9400 0.004261
40 9100 0.004253
40 8800 0.004222
40 8500 0.004252
40 8200 0.004262
40 7900 0.004306
40 7600 0.004228
40 7300 0.004255
40 7000 0.004258
40 6700 0.004274
40 6400 0.004252
40 6100 0.004262
40 5800 0.004227
40 5500 0.004268
40 5200 0.004299
40 4900 0.004241
40 4600 0.004282
40 4300 0.004281
40 4000 0.004276
40 3700 0.004271
40 3400 0.004269
40 3100 0.004235
40 2800 0.004191
40 2500 0.004279
40 2200 0.004272
40 1900 0.004316
40 1600 0.004293
40 1300 0.004232
40 1000 0.004263
40 700 0.004269
40 400 0.004272
40 100 0.004279
38 10000 0.004304
38 9700 0.004255
38 9400 0.004217
38 9100 0.004254
38 8800 0.004305
38 8500 0.004287
38 8200 0.004285
38 7900 0.004294
38 7600 0.004248
38 7300 0.004287
38 7000 0.004275
38 6700 0.004290
38 6400 0.003856
38 6100 0.003614
38 5800 0.003692
38 5500 0.003683
38 5200 0.003642
38 4900 0.003665
38 4600 0.003675
38 4300 0.003672
38 4000 0.003611
38 3700 0.003655
38 3400 0.003620
38 3100 0.003686
38 2800 0.003598
38 2500 0.003667
38 2200 0.003648
38 1900 0.003633
38 1600 0.003682
38 1300 0.003642
38 1000 0.003687
38 700 0.003629
38 400 0.003644
38 100 0.003684
36 10000 0.003656
36 9700 0.003664
36 9400 0.003656
36 9100 0.003649
36 8800 0.003642
36 8500 0.003687
36 8200 0.003709
36 7900 0.003669
36 7600 0.003657
36 7300 0.003671
36 7000 0.003696
36 6700 0.003652
36 6400 0.003647
36 6100 0.003662
36 5800 0.003619
36 5500 0.003640
36 5200 0.003621
36 4900 0.003682
36 4600 0.003659
36 4300 0.003670
36 4000 0.003678
36 3700 0.003636
36 3400 0.003663
36 3100 0.003640
36 2800 0.003681
36 2500 0.003628
36 2200 0.003652
36 1900 0.003675
36 1600 0.003639
36 1300 0.003638
36 1000 0.003668
36 700 0.003666
36 400 0.003630
36 100 0.003661
34 10000 0.003653
34 9700 0.003641
34 9400 0.003646
34 9100 0.003658
34 8800 0.003651
34 8500 0.003677
34 8200 0.003658
34 7900 0.003665
34 7600 0.003647
34 7300 0.003630
34 7000 0.003654
34 6700 0.003644
34 6400 0.003635
34 6100 0.003658
34 5800 0.003679
34 5500 0.003618
34 5200 0.003648
34 4900 0.003668
34 4600 0.003643
34 4300 0.003619
34 4000 0.003672
34 3700 0.003652
34 3400 0.003672
34 3100 0.003656
34 2800 0.003675
34 2500 0.003654
34 2200 0.003621
34 1900 0.003653
34 1600 0.003648
34 1300 0.003657
34 1000 0.003663
34 700 0.003669
34 400 0.003616
34 100 0.003682
32 10000 0.003656
32 9700 0.003672
32 9400 0.003635
32 9100 0.003644
32 8800 0.003666
32 8500 0.003651
32 8200 0.003656
32 7900 0.003658
32 7600 0.003651
32 7300 0.003632
32 7000 0.003664
32 6700 0.003634
32 6400 0.003656
32 6100 0.003661
32 5800 0.003684
32 5500 0.003658
32 5200 0.003651
32 4900 0.003650
32 4600 0.003667
32 4300 0.003645
32 4000 0.003693
32 3700 0.003662
32 3400 0.003676
32 3100 0.003628
32 2800 0.003681
32 2500 0.003649
32 2200 0.003651
32 1900 0.003628
32 1600 0.003665
32 1300 0.003652
32 1000 0.003633
32 700 0.003665
32 400 0.003659
32 100 0.003617
30 10000 0.003646
30 9700 0.003654
30 9400 0.003693
30 9100 0.003677
30 8800 0.003638
30 8500 0.003667
30 8200 0.003650
30 7900 0.003634
30 7600 0.003687
30 7300 0.003669
30 7000 0.003676
30 6700 0.003676
30 6400 0.003670
30 6100 0.003630
30 5800 0.003646
30 5500 0.003671
30 5200 0.003666
30 4900 0.003645
30 4600 0.003677
30 4300 0.003657
30 4000 0.003593
30 3700 0.003621
30 3400 0.003686
30 3100 0.003653
30 2800 0.003634
30 2500 0.003663
30 2200 0.003647
30 1900 0.003624
30 1600 0.003621
30 1300 0.003672
30 1000 0.003645
30 700 0.003653
30 400 0.003673
30 100 0.003686
28 10000 0.003615
28 9700 0.003654
28 9400 0.003669
28 9100 0.003681
28 8800 0.003618
28 8500 0.003699
28 8200 0.003619
28 7900 0.003612
28 7600 0.003666
28 7300 0.003671
28 7000 0.003658
28 6700 0.003628
28 6400 0.003628
28 6100 0.003675
28 5800 0.003673
28 5500 0.003669
28 5200 0.003658
28 4900 0.003627
28 4600 0.003630
28 4300 0.003669
28 4000 0.003642
28 3700 0.003640
28 3400 0.003625
28 3100 0.003681
28 2800 0.003654
28 2500 0.003654
28 2200 0.003673
28 1900 0.003618
28 1600 0.003624
28 1300 0.003645
28 1000 0.003650
28 700 0.003657
28 400 0.003649
28 100 0.003638
26 10000 0.003635
26 9700 0.003658
26 9400 0.003661
26 9100 0.003648
26 8800 0.003655
26 8500 0.003641
26 8200 0.003702
26 7900 0.003652
26 7600 0.003659
26 7300 0.003625
26 7000 0.003648
26 6700 0.003655
26 6400 0.003616
26 6100 0.003672
26 5800 0.003634
26 5500 0.003664
26 5200 0.003665
26 4900 0.003633
26 4600 0.003597
26 4300 0.003648
26 4000 0.003682
26 3700 0.003676
26 3400 0.003654
26 3100 0.003671
26 2800 0.003633
26 2500 0.003651
26 2200 0.003678
26 1900 0.003667
26 1600 0.003687
26 1300 0.003692
26 1000 0.003675
26 700 0.003638
26 400 0.003606
26 100 0.003645
24 10000 0.003645
24 9700 0.003660
24 9400 0.003767
24 9100 0.003663
24 8800 0.003682
24 8500 0.003619
24 8200 0.003634
24 7900 0.003636
24 7600 0.003685
24 7300 0.003637
24 7000 0.003654
24 6700 0.003650
24 6400 0.003624
24 6100 0.003618
24 5800 0.003667
24 5500 0.003661
24 5200 0.003642
24 4900 0.003654
24 4600 0.003688
24 4300 0.003641
24 4000 0.003660
24 3700 0.003656
24 3400 0.003667
24 3100 0.003637
24 2800 0.003660
24 2500 0.003687
24 2200 0.003630
24 1900 0.003703
24 1600 0.003685
24 1300 0.003645
24 1000 0.003629
24 700 0.003658
24 400 0.003690
24 100 0.003663
22 10000 0.003651
22 9700 0.003669
22 9400 0.003667
22 9100 0.003622
22 8800 0.003658
22 8500 0.003645
22 8200 0.003633
22 7900 0.003684
22 7600 0.003647
22 7300 0.003686
22 7000 0.003625
22 6700 0.003661
22 6400 0.003667
22 6100 0.003664
22 5800 0.003665
22 5500 0.003637
22 5200 0.003640
22 4900 0.003597
22 4600 0.003631
22 4300 0.003621
22 4000 0.003634
22 3700 0.003662
22 3400 0.003683
22 3100 0.003611
22 2800 0.003652
22 2500 0.003689
22 2200 0.003605
22 1900 0.003642
22 1600 0.003676
22 1300 0.003650
22 1000 0.003640
22 700 0.003635
22 400 0.003661
22 100 0.003690
20 10000 0.003626
20 9700 0.003662
20 9400 0.003668
20 9100 0.003630
20 8800 0.003688
20 8500 0.003659
20 8200 0.003695
20 7900 0.003656
20 7600 0.003656
20 7300 0.003659
20 7000 0.003621
20 6700 0.003695
20 6400 0.003657
20 6100 0.003656
20 5800 0.003638
20 5500 0.003643
20 5200 0.003654
20 4900 0.003626
20 4600 0.003655
20 4300 0.003671
20 4000 0.003649
20 3700 0.003667
20 3400 0.003645
20 3100 0.003672
20 2800 0.003649
20 2500 0.003660
20 2200 0.003679
20 1900 0.003655
20 1600 0.003611
20 1300 0.003635
20 1000 0.003674
20 700 0.003659
20 400 0.003657
20 100 0.003660
18 10000 0.003678
18 9700 0.003615
18 9400 0.003650
18 9100 0.003681
18 8800 0.003641
18 8500 0.003682
18 8200 0.003667
18 7900 0.003653
18 7600 0.003627
18 7300 0.003642
18 7000 0.003670
18 6700 0.003650
18 6400 0.003685
18 6100 0.003682
18 5800 0.003688
18 5500 0.003653
18 5200 0.003685
18 4900 0.003671
18 4600 0.003630
18 4300 0.003677
18 4000 0.003655
18 3700 0.003669
18 3400 0.003629
18 3100 0.003648
18 2800 0.003657
18 2500 0.003646
18 2200 0.003685
18 1900 0.003672
18 1600 0.003642
18 1300 0.003650
18 1000 0.003657
18 700 0.003657
18 400 0.003666
18 100 0.003670
16 10000 0.003656
16 9700 0.003645
16 9400 0.003635
16 9100 0.003641
16 8800 0.003660
16 8500 0.003637
16 8200 0.003631
16 7900 0.003690
16 7600 0.003643
16 7300 0.003653
16 7000 0.003678
16 6700 0.003664
16 6400 0.003628
16 6100 0.003681
16 5800 0.003627
16 5500 0.003631
16 5200 0.003642
16 4900 0.003659
16 4600 0.003641
16 4300 0.003659
16 4000 0.003657
16 3700 0.003638
16 3400 0.003652
16 3100 0.003598
16 2800 0.003647
16 2500 0.003627
16 2200 0.003651
16 1900 0.003673
16 1600 0.003652
16 1300 0.003623
16 1000 0.003655
16 700 0.003659
16 400 0.003675
16 100 0.003648
14 10000 0.003653
14 9700 0.003675
14 9400 0.003648
14 9100 0.003669
14 8800 0.003639
14 8500 0.003665
14 8200 0.003665
14 7900 0.003654
14 7600 0.003671
14 7300 0.003611
14 7000 0.003653
14 6700 0.003671
14 6400 0.003671
14 6100 0.003622
14 5800 0.003656
14 5500 0.003676
14 5200 0.003630
14 4900 0.003636
14 4600 0.003663
14 4300 0.003687
14 4000 0.003645
14 3700 0.003665
14 3400 0.003672
14 3100 0.003643
14 2800 0.003684
14 2500 0.003661
14 2200 0.003631
14 1900 0.003627
14 1600 0.003653
14 1300 0.003655
14 1000 0.003674
14 700 0.003664
14 400 0.003689
14 100 0.003672
12 10000 0.003665
12 9700 0.003655
12 9400 0.003674
12 9100 0.003632
12 8800 0.003640
12 8500 0.003666
12 8200 0.003676
12 7900 0.003674
12 7600 0.003653
12 7300 0.003646
12 7000 0.003639
12 6700 0.003676
12 6400 0.003632
12 6100 0.003649
12 5800 0.003645
12 5500 0.003642
12 5200 0.003637
12 4900 0.003629
12 4600 0.003669
12 4300 0.003650
12 4000 0.003626
12 3700 0.003640
12 3400 0.003638
12 3100 0.003640
12 2800 0.003638
12 2500 0.003680
12 2200 0.003650
12 1900 0.003640
12 1600 0.003645
12 1300 0.003640
12 1000 0.003658
12 700 0.003649
12 400 0.003716
12 100 0.003664
10 10000 0.003682
10 9700 0.003627
10 9400 0.003673
10 9100 0.003630
10 8800 0.003633
10 8500 0.003631
10 8200 0.003642
10 7900 0.003697
10 7600 0.003680
10 7300 0.003692
10 7000 0.003665
10 6700 0.003643
10 6400 0.003647
10 6100 0.003678
10 5800 0.003661
10 5500 0.003627
10 5200 0.003663
10 4900 0.003686
10 4600 0.003648
10 4300 0.003641
10 4000 0.003657
10 3700 0.003633
10 3400 0.003637
10 3100 0.003643
10 2800 0.003674
10 2500 0.003654
10 2200 0.003636
10 1900 0.003638
10 1600 0.003651
10 1300 0.003628
10 1000 0.003659
10 700 0.003645
10 400 0.003616
10 100 0.003656
8 10000 0.003694
8 9700 0.003676
8 9400 0.003675
8 9100 0.003687
8 8800 0.003667
8 8500 0.003651
8 8200 0.003647
8 7900 0.003673
8 7600 0.003655
8 7300 0.003624
8 7000 0.003680
8 6700 0.003657
8 6400 0.003638
8 6100 0.003661
8 5800 0.003647
8 5500 0.003633
8 5200 0.003650
8 4900 0.003674
8 4600 0.003679
8 4300 0.003641
8 4000 0.003686
8 3700 0.003688
8 3400 0.003654
8 3100 0.003659
8 2800 0.003677
8 2500 0.003661
8 2200 0.003671
8 1900 0.003683
8 1600 0.003660
8 1300 0.003679
8 1000 0.003622
8 700 0.003651
8 400 0.003624
8 100 0.003661
6 10000 0.003678
6 9700 0.003651
6 9400 0.003637
6 9100 0.003665
6 8800 0.003659
6 8500 0.003648
6 8200 0.003631
6 7900 0.003645
6 7600 0.003688
6 7300 0.003663
6 7000 0.003621
6 6700 0.003649
6 6400 0.003672
6 6100 0.003620
6 5800 0.003682
6 5500 0.003671
6 5200 0.003677
6 4900 0.003734
6 4600 0.003193
6 4300 0.003162
6 4000 0.003197
6 3700 0.003372
6 3400 0.003209
6 3100 0.003232
6 2800 0.003096
6 2500 0.002835
6 2200 0.002846
6 1900 0.002923
6 1600 0.002549
6 1300 0.002563
6 1000 0.002562
6 700 0.002679
6 400 0.002344
6 100 0.002304
4 10000 0.002322
4 9700 0.002322
4 9400 0.002225
4 9100 0.002053
4 8800 0.002059
4 8500 0.002058
4 8200 0.002025
4 7900 0.002033
4 7600 0.002029
4 7300 0.002044
4 7000 0.002018
4 6700 0.002053
4 6400 0.002064
4 6100 0.002043
4 5800 0.002043
4 5500 0.002041
4 5200 0.002040
4 4900 0.002038
4 4600 0.002037
4 4300 0.002059
4 4000 0.002040
4 3700 0.002016
4 3400 0.002024
4 3100 0.002019
4 2800 0.002042
4 2500 0.002064
4 2200 0.002035
4 1900 0.002046
4 1600 0.002044
4 1300 0.002044
4 1000 0.002043
4 700 0.002027
4 400 0.002013
4 100 0.002016
2 10000 0.002021
2 9700 0.002022
2 9400 0.002026
2 9100 0.002057
2 8800 0.002054
2 8500 0.002039
2 8200 0.002063
2 7900 0.002045
2 7600 0.002055
2 7300 0.002027
2 7000 0.002049
2 6700 0.002050
2 6400 0.002024
2 6100 0.002060
2 5800 0.002039
2 5500 0.002037
2 5200 0.002036
2 4900 0.002022
2 4600 0.002063
2 4300 0.002006
2 4000 0.002036
2 3700 0.002062
2 3400 0.002049
2 3100 0.002061
2 2800 0.002051
2 2500 0.002047
2 2200 0.002012
2 1900 0.002019
2 1600 0.002044
2 1300 0.002033
2 1000 0.002037
2 700 0.002035
2 400 0.002004
2 100 0.002042
