1024 10000 0.005531
1014 10000 0.003965
1004 10000 0.003907
994 10000 0.003869
984 10000 0.003809
974 10000 0.003788
964 10000 0.003751
954 10000 0.003706
944 10000 0.003656
934 10000 0.003634
924 10000 0.003589
914 10000 0.003541
904 10000 0.003515
894 10000 0.003482
884 10000 0.003428
874 10000 0.003390
864 10000 0.003374
854 10000 0.003305
844 10000 0.003283
834 10000 0.003256
824 10000 0.003192
814 10000 0.003171
804 10000 0.003132
794 10000 0.003075
784 10000 0.003053
774 10000 0.002998
764 10000 0.002979
754 10000 0.002935
744 10000 0.002884
734 10000 0.002860
724 10000 0.002806
714 10000 0.002783
704 10000 0.002726
694 10000 0.002706
684 10000 0.002654
674 10000 0.002624
664 10000 0.002575
654 10000 0.002547
644 10000 0.002499
634 10000 0.002471
624 10000 0.002424
614 10000 0.002394
604 10000 0.002345
594 10000 0.002318
584 10000 0.002262
574 10000 0.002239
564 10000 0.002191
554 10000 0.002153
544 10000 0.002125
534 10000 0.002072
524 10000 0.002047
514 10000 0.001995
504 10000 0.001955
494 10000 0.001933
484 10000 0.001879
474 10000 0.001840
464 10000 0.001812
454 10000 0.001762
444 10000 0.001724
434 10000 0.001702
424 10000 0.001641
414 10000 0.001609
404 10000 0.001586
394 10000 0.001526
384 10000 0.001493
374 10000 0.001468
364 10000 0.001412
354 10000 0.001379
344 10000 0.001336
334 10000 0.001309
324 10000 0.001263
314 10000 0.001219
304 10000 0.001180
294 10000 0.001157
284 10000 0.001106
274 10000 0.001065
264 10000 0.001026
254 10000 0.000988
244 10000 0.000969
234 10000 0.000912
224 10000 0.000872
214 10000 0.000835
204 10000 0.000799
194 10000 0.000758
184 10000 0.000727
174 10000 0.000682
164 10000 0.000644
154 10000 0.000596
144 10000 0.000565
134 10000 0.000519
124 10000 0.000489
114 10000 0.000442
104 10000 0.000411
94 10000 0.000380
84 10000 0.000327
74 10000 0.000297
64 10000 0.000251
54 10000 0.000211
44 10000 0.000176
34 10000 0.000142
24 10000 0.000094
14 10000 0.000056
4 10000 0.000017
1024 9700 0.003982
1014 9700 0.003926
1004 9700 0.003902
994 9700 0.003860
984 9700 0.003827
974 9700 0.003773
964 9700 0.003756
954 9700 0.003707
944 9700 0.003720
934 9700 0.003619
924 9700 0.003591
914 9700 0.003561
904 9700 0.003496
894 9700 0.003486
884 9700 0.003439
874 9700 0.003391
864 9700 0.003364
854 9700 0.003320
844 9700 0.003275
834 9700 0.003260
824 9700 0.003207
814 9700 0.003155
804 9700 0.003136
794 9700 0.003075
784 9700 0.003052
774 9700 0.003017
764 9700 0.002960
754 9700 0.002940
744 9700 0.002881
734 9700 0.002861
724 9700 0.002805
714 9700 0.002784
704 9700 0.002729
694 9700 0.002699
684 9700 0.002652
674 9700 0.002631
664 9700 0.002578
654 9700 0.002550
644 9700 0.002492
634 9700 0.002479
624 9700 0.002415
614 9700 0.002400
604 9700 0.002339
594 9700 0.002317
584 9700 0.002268
574 9700 0.002240
564 9700 0.002187
554 9700 0.002161
544 9700 0.002111
534 9700 0.002073
524 9700 0.002049
514 9700 0.001993
504 9700 0.001968
494 9700 0.001917
484 9700 0.001878
474 9700 0.001856
464 9700 0.001802
454 9700 0.001762
444 9700 0.001734
434 9700 0.001686
424 9700 0.001647
414 9700 0.001621
404 9700 0.001572
394 9700 0.001529
384 9700 0.001508
374 9700 0.001450
364 9700 0.001417
354 9700 0.001372
344 9700 0.001353
334 9700 0.001303
324 9700 0.001257
314 9700 0.001218
304 9700 0.001195
294 9700 0.001149
284 9700 0.001103
274 9700 0.001068
264 9700 0.001025
254 9700 0.001006
244 9700 0.000950
234 9700 0.000943
224 9700 0.000875
214 9700 0.000826
204 9700 0.000802
194 9700 0.000767
184 9700 0.000719
174 9700 0.000672
164 9700 0.000643
154 9700 0.000604
144 9700 0.000557
134 9700 0.000527
124 9700 0.000481
114 9700 0.000468
104 9700 0.000403
94 9700 0.000365
84 9700 0.000339
74 9700 0.000288
64 9700 0.000250
54 9700 0.000220
44 9700 0.000172
34 9700 0.000137
24 9700 0.000095
14 9700 0.000056
4 9700 0.000017
1024 9400 0.003992
1014 9400 0.003943
1004 9400 0.003891
994 9400 0.003867
984 9400 0.003835
974 9400 0.003784
964 9400 0.003733
954 9400 0.003713
944 9400 0.003669
934 9400 0.003618
924 9400 0.003596
914 9400 0.003552
904 9400 0.003519
894 9400 0.003460
884 9400 0.003444
874 9400 0.003398
864 9400 0.003348
854 9400 0.003330
844 9400 0.003265
834 9400 0.003243
824 9400 0.003212
814 9400 0.003164
804 9400 0.003130
794 9400 0.003093
784 9400 0.003039
774 9400 0.003019
764 9400 0.002969
754 9400 0.002938
744 9400 0.002884
734 9400 0.002861
724 9400 0.002818
714 9400 0.002767
704 9400 0.002746
694 9400 0.002691
684 9400 0.002663
674 9400 0.002615
664 9400 0.002594
654 9400 0.002535
644 9400 0.002516
634 9400 0.002454
624 9400 0.002440
614 9400 0.002379
604 9400 0.002353
594 9400 0.002309
584 9400 0.002264
574 9400 0.002238
564 9400 0.002186
554 9400 0.002163
544 9400 0.002113
534 9400 0.002087
524 9400 0.002035
514 9400 0.001993
504 9400 0.001972
494 9400 0.001917
484 9400 0.001874
474 9400 0.001856
464 9400 0.001807
454 9400 0.001786
444 9400 0.001728
434 9400 0.001680
424 9400 0.001664
414 9400 0.001609
404 9400 0.001563
394 9400 0.001533
384 9400 0.001503
374 9400 0.001456
364 9400 0.001410
354 9400 0.001387
344 9400 0.001342
334 9400 0.001296
324 9400 0.001257
314 9400 0.001241
304 9400 0.001183
294 9400 0.001142
284 9400 0.001103
274 9400 0.001064
264 9400 0.001041
254 9400 0.000989
244 9400 0.000949
234 9400 0.000910
224 9400 0.000872
214 9400 0.000848
204 9400 0.000796
194 9400 0.000749
184 9400 0.000720
174 9400 0.000682
164 9400 0.000636
154 9400 0.000604
144 9400 0.000570
134 9400 0.000538
124 9400 0.000490
114 9400 0.000442
104 9400 0.000404
94 9400 0.000373
84 9400 0.000326
74 9400 0.000288
64 9400 0.000257
54 9400 0.000211
44 9400 0.000172
34 9400 0.000133
24 9400 0.000097
14 9400 0.000056
4 9400 0.000017
1024 9100 0.003984
1014 9100 0.003944
1004 9100 0.003904
994 9100 0.003851
984 9100 0.003827
974 9100 0.003792
964 9100 0.003729
954 9100 0.003714
944 9100 0.003679
934 9100 0.003628
924 9100 0.003579
914 9100 0.003561
904 9100 0.003515
894 9100 0.003468
884 9100 0.003438
874 9100 0.003400
864 9100 0.003358
854 9100 0.003324
844 9100 0.003283
834 9100 0.003237
824 9100 0.003209
814 9100 0.003167
804 9100 0.003113
794 9100 0.003093
784 9100 0.003037
774 9100 0.003017
764 9100 0.002962
754 9100 0.002936
744 9100 0.002899
734 9100 0.002845
724 9100 0.002825
714 9100 0.002768
704 9100 0.002741
694 9100 0.002708
684 9100 0.002671
674 9100 0.002609
664 9100 0.002593
654 9100 0.002532
644 9100 0.002516
634 9100 0.002455
624 9100 0.002438
614 9100 0.002378
604 9100 0.002364
594 9100 0.002300
584 9100 0.002279
574 9100 0.002228
564 9100 0.002191
554 9100 0.002167
544 9100 0.002109
534 9100 0.002088
524 9100 0.002032
514 9100 0.002008
504 9100 0.001958
494 9100 0.001918
484 9100 0.001895
474 9100 0.001840
464 9100 0.001796
454 9100 0.001779
444 9100 0.001725
434 9100 0.001685
424 9100 0.001656
414 9100 0.001609
404 9100 0.001564
394 9100 0.001548
384 9100 0.001488
374 9100 0.001456
364 9100 0.001410
354 9100 0.001397
344 9100 0.001333
334 9100 0.001297
324 9100 0.001264
314 9100 0.001233
304 9100 0.001180
294 9100 0.001144
284 9100 0.001103
274 9100 0.001080
264 9100 0.001027
254 9100 0.000988
244 9100 0.000953
234 9100 0.000912
224 9100 0.000888
214 9100 0.000838
204 9100 0.000797
194 9100 0.000757
184 9100 0.000711
174 9100 0.000684
164 9100 0.000643
154 9100 0.000611
144 9100 0.000567
134 9100 0.000518
124 9100 0.000489
114 9100 0.000441
104 9100 0.000411
94 9100 0.000365
84 9100 0.000326
74 9100 0.000298
64 9100 0.000249
54 9100 0.000210
44 9100 0.000172
34 9100 0.000133
24 9100 0.000103
14 9100 0.000056
4 9100 0.000018
1024 8800 0.003981
1014 8800 0.003940
1004 8800 0.003897
994 8800 0.003847
984 8800 0.003826
974 8800 0.003791
964 8800 0.003755
954 8800 0.003688
944 8800 0.003673
934 8800 0.003634
924 8800 0.003573
914 8800 0.003555
904 8800 0.003514
894 8800 0.003482
884 8800 0.003420
874 8800 0.003408
864 8800 0.003358
854 8800 0.003305
844 8800 0.003288
834 8800 0.003228
824 8800 0.003207
814 8800 0.003167
804 8800 0.003112
794 8800 0.003090
784 8800 0.003038
774 8800 0.003010
764 8800 0.002973
754 8800 0.002922
744 8800 0.002898
734 8800 0.002842
724 8800 0.002821
714 8800 0.002770
704 8800 0.002738
694 8800 0.002696
684 8800 0.002666
674 8800 0.002622
664 8800 0.002575
654 8800 0.002557
644 8800 0.002491
634 8800 0.002461
624 8800 0.002425
614 8800 0.002376
604 8800 0.002361
594 8800 0.002300
584 8800 0.002279
574 8800 0.002231
564 8800 0.002205
554 8800 0.002146
544 8800 0.002117
534 8800 0.002085
524 8800 0.002030
514 8800 0.002008
504 8800 0.001955
494 8800 0.001915
484 8800 0.001893
474 8800 0.001840
464 8800 0.001817
454 8800 0.001757
444 8800 0.001727
434 8800 0.001700
424 8800 0.001641
414 8800 0.001609
404 8800 0.001572
394 8800 0.001542
384 8800 0.001494
374 8800 0.001450
364 8800 0.001434
354 8800 0.001377
344 8800 0.001334
334 8800 0.001301
324 8800 0.001272
314 8800 0.001219
304 8800 0.001180
294 8800 0.001141
284 8800 0.001124
274 8800 0.001067
264 8800 0.001029
254 8800 0.000988
244 8800 0.000949
234 8800 0.000929
224 8800 0.000868
214 8800 0.000835
204 8800 0.000797
194 8800 0.000758
184 8800 0.000711
174 8800 0.000679
164 8800 0.000659
154 8800 0.000596
144 8800 0.000566
134 8800 0.000527
124 8800 0.000482
114 8800 0.000442
104 8800 0.000412
94 8800 0.000365
84 8800 0.000334
74 8800 0.000288
64 8800 0.000250
54 8800 0.000211
44 8800 0.000183
34 8800 0.000154
24 8800 0.000095
14 8800 0.000056
4 8800 0.000017
1024 8500 0.003966
1014 8500 0.003944
1004 8500 0.003902
994 8500 0.003863
984 8500 0.003805
974 8500 0.003786
964 8500 0.003748
954 8500 0.003710
944 8500 0.003650
934 8500 0.003635
924 8500 0.003592
914 8500 0.003542
904 8500 0.003528
894 8500 0.003476
884 8500 0.003421
874 8500 0.003412
864 8500 0.003363
854 8500 0.003309
844 8500 0.003283
834 8500 0.003244
824 8500 0.003188
814 8500 0.003168
804 8500 0.003119
794 8500 0.003090
784 8500 0.003053
774 8500 0.002997
764 8500 0.002979
754 8500 0.002921
744 8500 0.002897
734 8500 0.002854
724 8500 0.002806
714 8500 0.002784
704 8500 0.002729
694 8500 0.002700
684 8500 0.002654
674 8500 0.002630
664 8500 0.002569
654 8500 0.002553
644 8500 0.002493
634 8500 0.002476
624 8500 0.002414
614 8500 0.002400
604 8500 0.002338
594 8500 0.002320
584 8500 0.002267
574 8500 0.002223
564 8500 0.002200
554 8500 0.002147
544 8500 0.002126
534 8500 0.002070
524 8500 0.002030
514 8500 0.002009
504 8500 0.001954
494 8500 0.001931
484 8500 0.001879
474 8500 0.001838
464 8500 0.001818
454 8500 0.001767
444 8500 0.001718
434 8500 0.001703
424 8500 0.001647
414 8500 0.001602
404 8500 0.001587
394 8500 0.001526
384 8500 0.001494
374 8500 0.001464
364 8500 0.001417
354 8500 0.001372
344 8500 0.001333
334 8500 0.001317
324 8500 0.001257
314 8500 0.001220
304 8500 0.001180
294 8500 0.001164
284 8500 0.001104
274 8500 0.001064
264 8500 0.001029
254 8500 0.000988
244 8500 0.000964
234 8500 0.000913
224 8500 0.000873
214 8500 0.000827
204 8500 0.000796
194 8500 0.000758
184 8500 0.000719
174 8500 0.000690
164 8500 0.000644
154 8500 0.000603
144 8500 0.000561
134 8500 0.000527
124 8500 0.000480
114 8500 0.000452
104 8500 0.000404
94 8500 0.000365
84 8500 0.000334
74 8500 0.000304
64 8500 0.000249
54 8500 0.000219
44 8500 0.000172
34 8500 0.000134
24 8500 0.000095
14 8500 0.000056
4 8500 0.000017
1024 8200 0.003979
1014 8200 0.003942
1004 8200 0.003903
994 8200 0.003870
984 8200 0.003826
974 8200 0.003767
964 8200 0.003763
954 8200 0.003718
944 8200 0.003650
934 8200 0.003638
924 8200 0.003603
914 8200 0.003550
904 8200 0.003502
894 8200 0.003478
884 8200 0.003445
874 8200 0.003381
864 8200 0.003363
854 8200 0.003324
844 8200 0.003267
834 8200 0.003246
824 8200 0.003191
814 8200 0.003179
804 8200 0.003131
794 8200 0.003074
784 8200 0.003056
774 8200 0.003001
764 8200 0.002976
754 8200 0.002939
744 8200 0.002885
734 8200 0.002862
724 8200 0.002802
714 8200 0.002783
704 8200 0.002727
694 8200 0.002707
684 8200 0.002645
674 8200 0.002632
664 8200 0.002569
654 8200 0.002554
644 8200 0.002499
634 8200 0.002474
624 8200 0.002416
614 8200 0.002399
604 8200 0.002339
594 8200 0.002325
584 8200 0.002264
574 8200 0.002239
564 8200 0.002186
554 8200 0.002152
544 8200 0.002124
534 8200 0.002068
524 8200 0.002048
514 8200 0.001994
504 8200 0.001955
494 8200 0.001931
484 8200 0.001871
474 8200 0.001853
464 8200 0.001801
454 8200 0.001762
444 8200 0.001741
434 8200 0.001679
424 8200 0.001646
414 8200 0.001625
404 8200 0.001565
394 8200 0.001532
384 8200 0.001487
374 8200 0.001473
364 8200 0.001413
354 8200 0.001372
344 8200 0.001354
334 8200 0.001297
324 8200 0.001257
314 8200 0.001223
304 8200 0.001183
294 8200 0.001159
284 8200 0.001103
274 8200 0.001065
264 8200 0.001027
254 8200 0.001006
244 8200 0.000951
234 8200 0.000911
224 8200 0.000876
214 8200 0.000835
204 8200 0.000788
194 8200 0.000772
184 8200 0.000720
174 8200 0.000680
164 8200 0.000634
154 8200 0.000605
144 8200 0.000557
134 8200 0.000527
124 8200 0.000480
114 8200 0.000450
104 8200 0.000419
94 8200 0.000375
84 8200 0.000329
74 8200 0.000288
64 8200 0.000258
54 8200 0.000210
44 8200 0.000171
34 8200 0.000133
24 8200 0.000095
14 8200 0.000056
4 8200 0.000017
1024 7900 0.003995
1014 7900 0.003927
1004 7900 0.003910
994 7900 0.003868
984 7900 0.003828
974 7900 0.003777
964 7900 0.003744
954 7900 0.003712
944 7900 0.003677
934 7900 0.003616
924 7900 0.003596
914 7900 0.003557
904 7900 0.003677
894 7900 0.003480
884 7900 0.003436
874 7900 0.003386
864 7900 0.003359
854 7900 0.003322
844 7900 0.003266
834 7900 0.003252
824 7900 0.003207
814 7900 0.003151
804 7900 0.003128
794 7900 0.003074
784 7900 0.003054
774 7900 0.003011
764 7900 0.002961
754 7900 0.002936
744 7900 0.002883
734 7900 0.002861
724 7900 0.002805
714 7900 0.002783
704 7900 0.002739
694 7900 0.002694
684 7900 0.002671
674 7900 0.002608
664 7900 0.002592
654 7900 0.002531
644 7900 0.002513
634 7900 0.002460
624 7900 0.002438
614 7900 0.002380
604 7900 0.002347
594 7900 0.002318
584 7900 0.002265
574 7900 0.002241
564 7900 0.002194
554 7900 0.002167
544 7900 0.002111
534 7900 0.002070
524 7900 0.002050
514 7900 0.001994
504 7900 0.001972
494 7900 0.001918
484 7900 0.001878
474 7900 0.001855
464 7900 0.001796
454 7900 0.001764
444 7900 0.001741
434 7900 0.001686
424 7900 0.001641
414 7900 0.001628
404 7900 0.001570
394 7900 0.001525
384 7900 0.001510
374 7900 0.001449
364 7900 0.001412
354 7900 0.001543
344 7900 0.001351
334 7900 0.001306
324 7900 0.001256
314 7900 0.001219
304 7900 0.001196
294 7900 0.001143
284 7900 0.001111
274 7900 0.001166
264 7900 0.000927
254 7900 0.000879
244 7900 0.000836
234 7900 0.000809
224 7900 0.000776
214 7900 0.000742
204 7900 0.000708
194 7900 0.000680
184 7900 0.000643
174 7900 0.000597
164 7900 0.000572
154 7900 0.000529
144 7900 0.000502
134 7900 0.000635
124 7900 0.000384
114 7900 0.000353
104 7900 0.000344
94 7900 0.000292
84 7900 0.000261
74 7900 0.000230
64 7900 0.000207
54 7900 0.000169
44 7900 0.000139
34 7900 0.000107
24 7900 0.000078
14 7900 0.000046
4 7900 0.000014
1024 7600 0.003174
1014 7600 0.003160
1004 7600 0.003099
994 7600 0.002795
984 7600 0.002781
974 7600 0.002740
964 7600 0.002584
954 7600 0.002361
944 7600 0.002350
934 7600 0.002316
924 7600 0.002299
914 7600 0.002262
904 7600 0.002245
894 7600 0.002219
884 7600 0.002190
874 7600 0.002175
864 7600 0.002139
854 7600 0.002124
844 7600 0.002091
834 7600 0.002064
824 7600 0.002055
814 7600 0.002015
804 7600 0.002013
794 7600 0.001966
784 7600 0.001941
774 7600 0.001928
764 7600 0.001896
754 7600 0.001875
744 7600 0.001852
734 7600 0.001821
724 7600 0.001808
714 7600 0.001766
704 7600 0.001745
694 7600 0.001733
684 7600 0.001696
674 7600 0.001667
664 7600 0.001659
654 7600 0.001623
644 7600 0.001593
634 7600 0.001583
624 7600 0.001545
614 7600 0.001523
604 7600 0.001497
594 7600 0.001486
584 7600 0.001446
574 7600 0.001426
564 7600 0.001416
554 7600 0.001372
544 7600 0.001352
534 7600 0.001323
524 7600 0.001311
514 7600 0.001279
504 7600 0.001257
494 7600 0.001224
484 7600 0.001211
474 7600 0.001180
464 7600 0.001152
454 7600 0.001129
444 7600 0.001111
434 7600 0.001087
424 7600 0.001053
414 7600 0.001027
404 7600 0.001003
394 7600 0.000982
384 7600 0.000963
374 7600 0.000929
364 7600 0.000904
354 7600 0.000879
344 7600 0.000855
334 7600 0.000837
324 7600 0.000807
314 7600 0.000782
304 7600 0.000756
294 7600 0.000731
284 7600 0.000701
274 7600 0.000684
264 7600 0.000667
254 7600 0.000628
244 7600 0.000610
234 7600 0.000584
224 7600 0.000553
214 7600 0.000535
204 7600 0.000504
194 7600 0.000486
184 7600 0.000457
174 7600 0.000438
164 7600 0.000416
154 7600 0.000385
144 7600 0.000364
134 7600 0.000332
124 7600 0.000307
114 7600 0.000289
104 7600 0.000259
94 7600 0.000233
84 7600 0.000209
74 7600 0.000191
64 7600 0.000163
54 7600 0.000136
44 7600 0.000112
34 7600 0.000085
24 7600 0.000060
14 7600 0.000036
4 7600 0.000012
1024 7300 0.002552
1014 7300 0.002508
1004 7300 0.002498
994 7300 0.002459
984 7300 0.002449
974 7300 0.002410
964 7300 0.002395
954 7300 0.002364
944 7300 0.002335
934 7300 0.002322
924 7300 0.002291
914 7300 0.002275
904 7300 0.002237
894 7300 0.002222
884 7300 0.002192
874 7300 0.002175
864 7300 0.002139
854 7300 0.002115
844 7300 0.002101
834 7300 0.002065
824 7300 0.002050
814 7300 0.002017
804 7300 0.001991
794 7300 0.001983
784 7300 0.001942
774 7300 0.001917
764 7300 0.001906
754 7300 0.001868
744 7300 0.001854
734 7300 0.001819
724 7300 0.001790
714 7300 0.001780
704 7300 0.001746
694 7300 0.001720
684 7300 0.001701
674 7300 0.001673
664 7300 0.001688
654 7300 0.001630
644 7300 0.001599
634 7300 0.001572
624 7300 0.001554
614 7300 0.001525
604 7300 0.001495
594 7300 0.001475
584 7300 0.001456
574 7300 0.001433
564 7300 0.001400
554 7300 0.001382
544 7300 0.001353
534 7300 0.001334
524 7300 0.001298
514 7300 0.001292
504 7300 0.001252
494 7300 0.001224
484 7300 0.001200
474 7300 0.001191
464 7300 0.001159
454 7300 0.001126
444 7300 0.001104
434 7300 0.001076
424 7300 0.001063
414 7300 0.001029
404 7300 0.001003
394 7300 0.000977
384 7300 0.000953
374 7300 0.000940
364 7300 0.000905
354 7300 0.000880
344 7300 0.000855
334 7300 0.000825
324 7300 0.000805
314 7300 0.000791
304 7300 0.000758
294 7300 0.000726
284 7300 0.000707
274 7300 0.000682
264 7300 0.000665
254 7300 0.000631
244 7300 0.000609
234 7300 0.000590
224 7300 0.000561
214 7300 0.000529
204 7300 0.000510
194 7300 0.000480
184 7300 0.000460
174 7300 0.000431
164 7300 0.000412
154 7300 0.000381
144 7300 0.000363
134 7300 0.000332
124 7300 0.000318
114 7300 0.000287
104 7300 0.000265
94 7300 0.000235
84 7300 0.000209
74 7300 0.000185
64 7300 0.000165
54 7300 0.000135
44 7300 0.000110
34 7300 0.000086
24 7300 0.000061
14 7300 0.000036
4 7300 0.000011
1024 7000 0.002534
1014 7000 0.002523
1004 7000 0.002491
994 7000 0.002470
984 7000 0.002436
974 7000 0.002431
964 7000 0.002385
954 7000 0.002378
944 7000 0.002335
934 7000 0.002321
924 7000 0.002317
914 7000 0.002274
904 7000 0.002237
894 7000 0.002225
884 7000 0.002204
874 7000 0.002165
864 7000 0.002150
854 7000 0.002115
844 7000 0.002090
834 7000 0.002076
824 7000 0.002041
814 7000 0.002030
804 7000 0.001993
794 7000 0.001966
784 7000 0.001951
774 7000 0.001917
764 7000 0.001906
754 7000 0.001869
744 7000 0.001844
734 7000 0.001831
724 7000 0.001790
714 7000 0.001770
704 7000 0.001761
694 7000 0.001721
684 7000 0.001691
674 7000 0.001683
664 7000 0.001653
654 7000 0.001618
644 7000 0.001609
634 7000 0.001569
624 7000 0.001548
614 7000 0.001529
604 7000 0.001501
594 7000 0.001470
584 7000 0.001452
574 7000 0.001431
564 7000 0.001403
554 7000 0.001372
544 7000 0.001359
534 7000 0.001326
524 7000 0.001298
514 7000 0.001274
504 7000 0.001264
494 7000 0.001225
484 7000 0.001202
474 7000 0.001175
464 7000 0.001150
454 7000 0.001142
444 7000 0.001102
434 7000 0.001076
424 7000 0.001053
414 7000 0.001038
404 7000 0.001004
394 7000 0.000978
384 7000 0.000954
374 7000 0.000928
364 7000 0.000904
354 7000 0.000892
344 7000 0.000849
334 7000 0.000831
324 7000 0.000807
314 7000 0.000781
304 7000 0.000756
294 7000 0.000736
284 7000 0.000710
274 7000 0.000683
264 7000 0.000652
254 7000 0.000634
244 7000 0.000611
234 7000 0.000578
224 7000 0.000561
214 7000 0.000539
204 7000 0.000512
194 7000 0.000479
184 7000 0.000461
174 7000 0.000431
164 7000 0.000412
154 7000 0.000384
144 7000 0.000358
134 7000 0.000339
124 7000 0.000308
114 7000 0.000283
104 7000 0.000264
94 7000 0.000234
84 7000 0.000209
74 7000 0.000184
64 7000 0.000166
54 7000 0.000142
44 7000 0.000121
34 7000 0.000086
24 7000 0.000061
14 7000 0.000036
4 7000 0.000013
1024 6700 0.002535
1014 6700 0.002523
1004 6700 0.002483
994 6700 0.002474
984 6700 0.002436
974 6700 0.002419
964 6700 0.002391
954 6700 0.002360
944 6700 0.002351
934 6700 0.002312
924 6700 0.002298
914 6700 0.002265
904 6700 0.002249
894 6700 0.002224
884 6700 0.002199
874 6700 0.002164
864 6700 0.002138
854 6700 0.002127
844 6700 0.002090
834 6700 0.002076
824 6700 0.002041
814 6700 0.002014
804 6700 0.002003
794 6700 0.001967
784 6700 0.001951
774 6700 0.001921
764 6700 0.001893
754 6700 0.001881
744 6700 0.001838
734 6700 0.001818
724 6700 0.001806
714 6700 0.001771
704 6700 0.001754
694 6700 0.001727
684 6700 0.001696
674 6700 0.001671
664 6700 0.001653
654 6700 0.001622
644 6700 0.001597
634 6700 0.001581
624 6700 0.001548
614 6700 0.001521
604 6700 0.001509
594 6700 0.001470
584 6700 0.001449
574 6700 0.001420
564 6700 0.001413
554 6700 0.001372
544 6700 0.001347
534 6700 0.001327
524 6700 0.001310
514 6700 0.001273
504 6700 0.001249
494 6700 0.001228
484 6700 0.001210
474 6700 0.001177
464 6700 0.001154
454 6700 0.001126
444 6700 0.001112
434 6700 0.001082
424 6700 0.001053
414 6700 0.001027
404 6700 0.001002
394 6700 0.000989
384 6700 0.000954
374 6700 0.000922
364 6700 0.000904
354 6700 0.000879
344 6700 0.000856
334 6700 0.000841
324 6700 0.000806
314 6700 0.000781
304 6700 0.000750
294 6700 0.000732
284 6700 0.000707
274 6700 0.000687
264 6700 0.000659
254 6700 0.000633
244 6700 0.000603
234 6700 0.000584
224 6700 0.000554
214 6700 0.000534
204 6700 0.000510
194 6700 0.000484
184 6700 0.000466
174 6700 0.000437
164 6700 0.000406
154 6700 0.000390
144 6700 0.000357
134 6700 0.000332
124 6700 0.000314
114 6700 0.000283
104 6700 0.000259
94 6700 0.000239
84 6700 0.000209
74 6700 0.000185
64 6700 0.000159
54 6700 0.000136
44 6700 0.000111
34 6700 0.000086
24 6700 0.000061
14 6700 0.000043
4 6700 0.000011
1024 6400 0.002545
1014 6400 0.002512
1004 6400 0.002494
994 6400 0.002463
984 6400 0.002446
974 6400 0.002410
964 6400 0.002400
954 6400 0.002360
944 6400 0.002352
934 6400 0.002319
924 6400 0.002290
914 6400 0.002269
904 6400 0.002244
894 6400 0.002224
884 6400 0.002189
874 6400 0.002210
864 6400 0.002140
854 6400 0.002134
844 6400 0.002097
834 6400 0.002067
824 6400 0.002061
814 6400 0.002015
804 6400 0.001998
794 6400 0.001975
784 6400 0.001950
774 6400 0.001929
764 6400 0.001894
754 6400 0.001904
744 6400 0.001856
734 6400 0.001820
724 6400 0.001794
714 6400 0.001781
704 6400 0.001741
694 6400 0.001720
684 6400 0.001715
674 6400 0.001671
664 6400 0.001643
654 6400 0.001641
644 6400 0.001594
634 6400 0.001572
624 6400 0.001561
614 6400 0.001519
604 6400 0.001498
594 6400 0.001480
584 6400 0.001451
574 6400 0.001425
564 6400 0.001400
554 6400 0.001388
544 6400 0.001347
534 6400 0.001336
524 6400 0.001305
514 6400 0.001284
504 6400 0.001249
494 6400 0.001228
484 6400 0.001199
474 6400 0.001186
464 6400 0.001151
454 6400 0.001125
444 6400 0.001101
434 6400 0.001087
424 6400 0.001052
414 6400 0.001028
404 6400 0.001003
394 6400 0.000977
384 6400 0.000966
374 6400 0.000929
364 6400 0.000905
354 6400 0.000879
344 6400 0.000854
334 6400 0.000832
324 6400 0.000815
314 6400 0.000775
304 6400 0.000756
294 6400 0.000731
284 6400 0.000707
274 6400 0.000677
264 6400 0.000658
254 6400 0.000647
244 6400 0.000607
234 6400 0.000585
224 6400 0.000554
214 6400 0.000535
204 6400 0.000504
194 6400 0.000485
184 6400 0.000455
174 6400 0.000437
164 6400 0.000406
154 6400 0.000387
144 6400 0.000367
134 6400 0.000333
124 6400 0.000314
114 6400 0.000283
104 6400 0.000259
94 6400 0.000234
84 6400 0.000216
74 6400 0.000185
64 6400 0.000161
54 6400 0.000135
44 6400 0.000110
34 6400 0.000085
24 6400 0.000060
14 6400 0.000036
4 6400 0.000012
1024 6100 0.002553
1014 6100 0.002510
1004 6100 0.002496
994 6100 0.002461
984 6100 0.002438
974 6100 0.002423
964 6100 0.002390
954 6100 0.002370
944 6100 0.002338
934 6100 0.002327
924 6100 0.002286
914 6100 0.002273
904 6100 0.002243
894 6100 0.002231
884 6100 0.002192
874 6100 0.002163
864 6100 0.002171
854 6100 0.002117
844 6100 0.002115
834 6100 0.002066
824 6100 0.002042
814 6100 0.002026
804 6100 0.001991
794 6100 0.001978
784 6100 0.001943
774 6100 0.001916
764 6100 0.001898
754 6100 0.001869
744 6100 0.001842
734 6100 0.001829
724 6100 0.001795
714 6100 0.001782
704 6100 0.001741
694 6100 0.001720
684 6100 0.001707
674 6100 0.001671
664 6100 0.001646
654 6100 0.001632
644 6100 0.001594
634 6100 0.001574
624 6100 0.001544
614 6100 0.001537
604 6100 0.001495
594 6100 0.001474
584 6100 0.001455
574 6100 0.001428
564 6100 0.001397
554 6100 0.001395
544 6100 0.001358
534 6100 0.001323
524 6100 0.001302
514 6100 0.001273
504 6100 0.001259
494 6100 0.001224
484 6100 0.001203
474 6100 0.001175
464 6100 0.001162
454 6100 0.001126
444 6100 0.001101
434 6100 0.001079
424 6100 0.001052
414 6100 0.001038
404 6100 0.001003
394 6100 0.000978
384 6100 0.000954
374 6100 0.000928
364 6100 0.000918
354 6100 0.000891
344 6100 0.000856
334 6100 0.000832
324 6100 0.000800
314 6100 0.000782
304 6100 0.000775
294 6100 0.000734
284 6100 0.000704
274 6100 0.000686
264 6100 0.000659
254 6100 0.000628
244 6100 0.000609
234 6100 0.000584
224 6100 0.000564
214 6100 0.000536
204 6100 0.000505
194 6100 0.000485
184 6100 0.000456
174 6100 0.000437
164 6100 0.000406
154 6100 0.000383
144 6100 0.000363
134 6100 0.000333
124 6100 0.000307
114 6100 0.000294
104 6100 0.000274
94 6100 0.000234
84 6100 0.000209
74 6100 0.000192
64 6100 0.000159
54 6100 0.000139
44 6100 0.000111
34 6100 0.000086
24 6100 0.000061
14 6100 0.000037
4 6100 0.000011
1024 5800 0.002538
1014 5800 0.002519
1004 5800 0.002489
994 5800 0.002470
984 5800 0.002450
974 5800 0.002421
964 5800 0.002390
954 5800 0.002371
944 5800 0.002336
934 5800 0.002326
924 5800 0.002288
914 5800 0.002261
904 5800 0.002260
894 5800 0.002218
884 5800 0.002201
874 5800 0.002180
864 5800 0.002167
854 5800 0.002115
844 5800 0.002100
834 5800 0.002076
824 5800 0.002046
814 5800 0.002029
804 5800 0.001992
794 5800 0.001966
784 5800 0.001948
774 5800 0.001922
764 5800 0.001895
754 5800 0.001879
744 5800 0.001844
734 5800 0.001833
724 5800 0.001795
714 5800 0.001767
704 5800 0.001755
694 5800 0.001722
684 5800 0.001696
674 5800 0.001677
664 5800 0.001648
654 5800 0.001632
644 5800 0.001603
634 5800 0.001577
624 5800 0.001545
614 5800 0.001524
604 5800 0.001507
594 5800 0.001476
584 5800 0.001446
574 5800 0.001437
564 5800 0.001396
554 5800 0.001372
544 5800 0.001352
534 5800 0.001333
524 5800 0.001298
514 5800 0.001277
504 5800 0.001249
494 5800 0.001235
484 5800 0.001202
474 5800 0.001180
464 5800 0.001153
454 5800 0.001136
444 5800 0.001102
434 5800 0.001077
424 5800 0.001052
414 5800 0.001028
404 5800 0.001013
394 5800 0.000980
384 5800 0.000955
374 5800 0.000929
364 5800 0.000904
354 5800 0.000889
344 5800 0.000857
334 5800 0.000834
324 5800 0.000800
314 5800 0.000781
304 5800 0.000757
294 5800 0.000732
284 5800 0.000711
274 5800 0.000683
264 5800 0.000658
254 5800 0.000628
244 5800 0.000609
234 5800 0.000578
224 5800 0.000560
214 5800 0.000536
204 5800 0.000517
194 5800 0.000487
184 5800 0.000456
174 5800 0.000431
164 5800 0.000412
154 5800 0.000385
144 5800 0.000363
134 5800 0.000332
124 5800 0.000307
114 5800 0.000290
104 5800 0.000259
94 5800 0.000234
84 5800 0.000209
74 5800 0.000184
64 5800 0.000167
54 5800 0.000135
44 5800 0.000110
34 5800 0.000085
24 5800 0.000060
14 5800 0.000036
4 5800 0.000018
1024 5500 0.002546
1014 5500 0.002508
1004 5500 0.002498
994 5500 0.002459
984 5500 0.002448
974 5500 0.002409
964 5500 0.002395
954 5500 0.002367
944 5500 0.002347
934 5500 0.002311
924 5500 0.002302
914 5500 0.002261
904 5500 0.002247
894 5500 0.002213
884 5500 0.002202
874 5500 0.002177
864 5500 0.002139
854 5500 0.002125
844 5500 0.002091
834 5500 0.002071
824 5500 0.002051
814 5500 0.002022
804 5500 0.002009
794 5500 0.001974
784 5500 0.001960
774 5500 0.001936
764 5500 0.001913
754 5500 0.001878
744 5500 0.001846
734 5500 0.001827
724 5500 0.001800
714 5500 0.001771
704 5500 0.001749
694 5500 0.001733
684 5500 0.001692
674 5500 0.001672
664 5500 0.001659
654 5500 0.001619
644 5500 0.001599
634 5500 0.001585
624 5500 0.001544
614 5500 0.001523
604 5500 0.001494
594 5500 0.001485
584 5500 0.001446
574 5500 0.001424
564 5500 0.001409
554 5500 0.001382
544 5500 0.001361
534 5500 0.001325
524 5500 0.001308
514 5500 0.001280
504 5500 0.001249
494 5500 0.001224
484 5500 0.001209
474 5500 0.001178
464 5500 0.001154
454 5500 0.001125
444 5500 0.001113
434 5500 0.001078
424 5500 0.001052
414 5500 0.001028
404 5500 0.001003
394 5500 0.000990
384 5500 0.000955
374 5500 0.000931
364 5500 0.000904
354 5500 0.000880
344 5500 0.000855
334 5500 0.000835
324 5500 0.000806
314 5500 0.000781
304 5500 0.000757
294 5500 0.000726
284 5500 0.000707
274 5500 0.000682
264 5500 0.000671
254 5500 0.000629
244 5500 0.000609
234 5500 0.000578
224 5500 0.000560
214 5500 0.000529
204 5500 0.000510
194 5500 0.000480
184 5500 0.000461
174 5500 0.000441
164 5500 0.000413
154 5500 0.000382
144 5500 0.000363
134 5500 0.000333
124 5500 0.000308
114 5500 0.000284
104 5500 0.000264
94 5500 0.000234
84 5500 0.000209
74 5500 0.000184
64 5500 0.000166
54 5500 0.000136
44 5500 0.000113
34 5500 0.000086
24 5500 0.000060
14 5500 0.000036
4 5500 0.000011
1024 5200 0.002550
1014 5200 0.002507
1004 5200 0.002502
994 5200 0.002458
984 5200 0.002447
974 5200 0.002414
964 5200 0.002395
954 5200 0.002366
944 5200 0.002345
934 5200 0.002310
924 5200 0.002290
914 5200 0.002290
904 5200 0.002246
894 5200 0.002225
884 5200 0.002192
874 5200 0.002175
864 5200 0.002141
854 5200 0.002114
844 5200 0.002100
834 5200 0.002064
824 5200 0.002051
814 5200 0.002015
804 5200 0.001990
794 5200 0.001978
784 5200 0.001941
774 5200 0.001927
764 5200 0.001895
754 5200 0.001868
744 5200 0.001858
734 5200 0.001815
724 5200 0.001795
714 5200 0.001781
704 5200 0.001745
694 5200 0.001720
684 5200 0.001702
674 5200 0.001674
664 5200 0.001646
654 5200 0.001629
644 5200 0.001598
634 5200 0.001568
624 5200 0.001559
614 5200 0.001520
604 5200 0.001498
594 5200 0.001470
584 5200 0.001463
574 5200 0.001422
564 5200 0.001401
554 5200 0.001382
544 5200 0.001348
534 5200 0.001326
524 5200 0.001298
514 5200 0.001284
504 5200 0.001254
494 5200 0.001224
484 5200 0.001201
474 5200 0.001186
464 5200 0.001151
454 5200 0.001129
444 5200 0.001102
434 5200 0.001077
424 5200 0.001063
414 5200 0.001030
404 5200 0.001003
394 5200 0.000978
384 5200 0.000953
374 5200 0.000940
364 5200 0.000908
354 5200 0.000873
344 5200 0.000855
334 5200 0.000830
324 5200 0.000805
314 5200 0.000791
304 5200 0.000759
294 5200 0.000726
284 5200 0.000708
274 5200 0.000683
264 5200 0.000652
254 5200 0.000633
244 5200 0.000619
234 5200 0.000579
224 5200 0.000559
214 5200 0.000529
204 5200 0.000511
194 5200 0.000479
184 5200 0.000462
174 5200 0.000431
164 5200 0.000413
154 5200 0.000381
144 5200 0.000357
134 5200 0.000348
124 5200 0.000308
114 5200 0.000283
104 5200 0.000258
94 5200 0.000241
84 5200 0.000212
74 5200 0.000185
64 5200 0.000160
54 5200 0.000138
44 5200 0.000117
34 5200 0.000086
24 5200 0.000062
14 5200 0.000036
4 5200 0.000012
1024 4900 0.002534
1014 4900 0.002524
1004 4900 0.002484
994 4900 0.002475
984 4900 0.002434
974 4900 0.002425
964 4900 0.002384
954 4900 0.002371
944 4900 0.002339
934 4900 0.002322
924 4900 0.002287
914 4900 0.002284
904 4900 0.002238
894 4900 0.002213
884 4900 0.002198
874 4900 0.002164
864 4900 0.002156
854 4900 0.002115
844 4900 0.002100
834 4900 0.002066
824 4900 0.002041
814 4900 0.002027
804 4900 0.001992
794 4900 0.001979
784 4900 0.001947
774 4900 0.001924
764 4900 0.001908
754 4900 0.001869
744 4900 0.001841
734 4900 0.001830
724 4900 0.001797
714 4900 0.001770
704 4900 0.001758
694 4900 0.001716
684 4900 0.001696
674 4900 0.001691
664 4900 0.001642
654 4900 0.001621
644 4900 0.001609
634 4900 0.001571
624 4900 0.001548
614 4900 0.001529
604 4900 0.001501
594 4900 0.001470
584 4900 0.001451
574 4900 0.001432
564 4900 0.001396
554 4900 0.001376
544 4900 0.001357
534 4900 0.001328
524 4900 0.001298
514 4900 0.001273
504 4900 0.001259
494 4900 0.001231
484 4900 0.001202
474 4900 0.001175
464 4900 0.001167
454 4900 0.001127
444 4900 0.001102
434 4900 0.001076
424 4900 0.001056
414 4900 0.001037
404 4900 0.001002
394 4900 0.000978
384 4900 0.000952
374 4900 0.000923
364 4900 0.000909
354 4900 0.000887
344 4900 0.000855
334 4900 0.000831
324 4900 0.000806
314 4900 0.000780
304 4900 0.000751
294 4900 0.000743
284 4900 0.000708
274 4900 0.000676
264 4900 0.000659
254 4900 0.000634
244 4900 0.000603
234 4900 0.000584
224 4900 0.000554
214 4900 0.000546
204 4900 0.000511
194 4900 0.000480
184 4900 0.000455
174 4900 0.000437
164 4900 0.000409
154 4900 0.000388
144 4900 0.000357
134 4900 0.000335
124 4900 0.000314
114 4900 0.000284
104 4900 0.000259
94 4900 0.000234
84 4900 0.000222
74 4900 0.000192
64 4900 0.000160
54 4900 0.000135
44 4900 0.000110
34 4900 0.000085
24 4900 0.000060
14 4900 0.000036
4 4900 0.000019
1024 4600 0.002533
1014 4600 0.002526
1004 4600 0.002484
994 4600 0.002475
984 4600 0.002434
974 4600 0.002419
964 4600 0.002417
954 4600 0.002362
944 4600 0.002352
934 4600 0.002317
924 4600 0.002298
914 4600 0.002263
904 4600 0.002254
894 4600 0.002213
884 4600 0.002202
874 4600 0.002164
864 4600 0.002140
854 4600 0.002129
844 4600 0.002090
834 4600 0.002078
824 4600 0.002041
814 4600 0.002016
804 4600 0.002001
794 4600 0.001967
784 4600 0.001954
774 4600 0.001928
764 4600 0.001893
754 4600 0.001874
744 4600 0.001844
734 4600 0.001819
724 4600 0.001805
714 4600 0.001770
704 4600 0.001740
694 4600 0.001732
684 4600 0.001697
674 4600 0.001666
664 4600 0.001658
654 4600 0.001623
644 4600 0.001593
634 4600 0.001585
624 4600 0.001544
614 4600 0.001519
604 4600 0.001510
594 4600 0.001470
584 4600 0.001446
574 4600 0.001428
564 4600 0.001407
554 4600 0.001378
544 4600 0.001350
534 4600 0.001333
524 4600 0.001303
514 4600 0.001274
504 4600 0.001251
494 4600 0.001234
484 4600 0.001204
474 4600 0.001174
464 4600 0.001150
454 4600 0.001127
444 4600 0.001114
434 4600 0.001077
424 4600 0.001060
414 4600 0.001028
404 4600 0.001004
394 4600 0.000988
384 4600 0.000955
374 4600 0.000929
364 4600 0.000904
354 4600 0.000880
344 4600 0.000868
334 4600 0.000832
324 4600 0.000806
314 4600 0.000775
304 4600 0.000757
294 4600 0.000733
284 4600 0.000707
274 4600 0.000687
264 4600 0.000663
254 4600 0.000634
244 4600 0.000603
234 4600 0.000585
224 4600 0.000554
214 4600 0.000535
204 4600 0.000504
194 4600 0.000486
184 4600 0.000466
174 4600 0.000440
164 4600 0.000406
154 4600 0.000388
144 4600 0.000357
134 4600 0.000333
124 4600 0.000314
114 4600 0.000283
104 4600 0.000258
94 4600 0.000234
84 4600 0.000215
74 4600 0.000185
64 4600 0.000159
54 4600 0.000135
44 4600 0.000110
34 4600 0.000085
24 4600 0.000061
14 4600 0.000036
4 4600 0.000011
1024 4300 0.002549
1014 4300 0.002509
1004 4300 0.002498
994 4300 0.002459
984 4300 0.002463
974 4300 0.002410
964 4300 0.002400
954 4300 0.002360
944 4300 0.002372
934 4300 0.002324
924 4300 0.002301
914 4300 0.002263
904 4300 0.002242
894 4300 0.002227
884 4300 0.002188
874 4300 0.002181
864 4300 0.002139
854 4300 0.002124
844 4300 0.002090
834 4300 0.002069
824 4300 0.002051
814 4300 0.002017
804 4300 0.002003
794 4300 0.001966
784 4300 0.001937
774 4300 0.001928
764 4300 0.001893
754 4300 0.001869
744 4300 0.001856
734 4300 0.001820
724 4300 0.001804
714 4300 0.001766
704 4300 0.001744
694 4300 0.001731
684 4300 0.001707
674 4300 0.001670
664 4300 0.001658
654 4300 0.001625
644 4300 0.001593
634 4300 0.001573
624 4300 0.001555
614 4300 0.001524
604 4300 0.001494
594 4300 0.001488
584 4300 0.001446
574 4300 0.001424
564 4300 0.001397
554 4300 0.001383
544 4300 0.001355
534 4300 0.001322
524 4300 0.001308
514 4300 0.001278
504 4300 0.001248
494 4300 0.001224
484 4300 0.001200
474 4300 0.001189
464 4300 0.001150
454 4300 0.001126
444 4300 0.001101
434 4300 0.001088
424 4300 0.001053
414 4300 0.001027
404 4300 0.001002
394 4300 0.000978
384 4300 0.000963
374 4300 0.000930
364 4300 0.000908
354 4300 0.000879
344 4300 0.000854
334 4300 0.000830
324 4300 0.000810
314 4300 0.000783
304 4300 0.000757
294 4300 0.000731
284 4300 0.000702
274 4300 0.000682
264 4300 0.000658
254 4300 0.000638
244 4300 0.000610
234 4300 0.000584
224 4300 0.000557
214 4300 0.000536
204 4300 0.000505
194 4300 0.000485
184 4300 0.000455
174 4300 0.000432
164 4300 0.000412
154 4300 0.000392
144 4300 0.000363
134 4300 0.000332
124 4300 0.000308
114 4300 0.000290
104 4300 0.000259
94 4300 0.000234
84 4300 0.000210
74 4300 0.000191
64 4300 0.000163
54 4300 0.000135
44 4300 0.000110
34 4300 0.000086
24 4300 0.000060
14 4300 0.000036
4 4300 0.000011
1024 4000 0.002548
1014 4000 0.002508
1004 4000 0.002511
994 4000 0.002458
984 4000 0.002451
974 4000 0.002411
964 4000 0.002384
954 4000 0.002377
944 4000 0.002335
934 4000 0.002322
924 4000 0.002310
914 4000 0.002282
904 4000 0.002238
894 4000 0.002242
884 4000 0.002207
874 4000 0.002172
864 4000 0.002157
854 4000 0.002124
844 4000 0.002101
834 4000 0.002065
824 4000 0.002052
814 4000 0.002017
804 4000 0.001991
794 4000 0.001978
784 4000 0.001948
774 4000 0.001917
764 4000 0.001903
754 4000 0.001867
744 4000 0.001853
734 4000 0.001820
724 4000 0.001793
714 4000 0.001775
704 4000 0.001745
694 4000 0.001730
684 4000 0.001702
674 4000 0.001672
664 4000 0.001647
654 4000 0.001628
644 4000 0.001599
634 4000 0.001574
624 4000 0.001544
614 4000 0.001534
604 4000 0.001495
594 4000 0.001478
584 4000 0.001455
574 4000 0.001427
564 4000 0.001398
554 4000 0.001372
544 4000 0.001364
534 4000 0.001324
524 4000 0.001298
514 4000 0.001282
504 4000 0.001257
494 4000 0.001224
484 4000 0.001199
474 4000 0.001178
464 4000 0.001166
454 4000 0.001126
444 4000 0.001102
434 4000 0.001076
424 4000 0.001061
414 4000 0.001028
404 4000 0.001003
394 4000 0.000978
384 4000 0.000953
374 4000 0.000929
364 4000 0.000916
354 4000 0.000880
344 4000 0.000855
334 4000 0.000824
324 4000 0.000806
314 4000 0.000782
304 4000 0.000768
294 4000 0.000726
284 4000 0.000708
274 4000 0.000683
264 4000 0.000660
254 4000 0.000628
244 4000 0.000610
234 4000 0.000589
224 4000 0.000563
214 4000 0.000529
204 4000 0.000510
194 4000 0.000480
184 4000 0.000461
174 4000 0.000431
164 4000 0.000414
154 4000 0.000381
144 4000 0.000362
134 4000 0.000332
124 4000 0.000308
114 4000 0.000294
104 4000 0.000264
94 4000 0.000234
84 4000 0.000211
74 4000 0.000184
64 4000 0.000166
54 4000 0.000135
44 4000 0.000111
34 4000 0.000086
24 4000 0.000060
14 4000 0.000036
4 4000 0.000012
1024 3700 0.002537
1014 3700 0.002519
1004 3700 0.002487
994 3700 0.002470
984 3700 0.002435
974 3700 0.002426
964 3700 0.002387
954 3700 0.002377
944 3700 0.002335
934 3700 0.002321
924 3700 0.002293
914 3700 0.002261
904 3700 0.002250
894 3700 0.002229
884 3700 0.002223
874 3700 0.002163
864 3700 0.002152
854 3700 0.002117
844 3700 0.002090
834 3700 0.002078
824 3700 0.002043
814 3700 0.002026
804 3700 0.001994
794 3700 0.001967
784 3700 0.001954
774 3700 0.001917
764 3700 0.001911
754 3700 0.001886
744 3700 0.001846
734 3700 0.001830
724 3700 0.001799
714 3700 0.001770
704 3700 0.001759
694 3700 0.001733
684 3700 0.001692
674 3700 0.001684
664 3700 0.001648
654 3700 0.001618
644 3700 0.001610
634 3700 0.001571
624 3700 0.001549
614 3700 0.001536
604 3700 0.001495
594 3700 0.001475
584 3700 0.001445
574 3700 0.001433
564 3700 0.001402
554 3700 0.001373
544 3700 0.001350
534 3700 0.001333
524 3700 0.001298
514 3700 0.001273
504 3700 0.001253
494 3700 0.001235
484 3700 0.001199
474 3700 0.001175
464 3700 0.001151
454 3700 0.001145
444 3700 0.001110
434 3700 0.001077
424 3700 0.001052
414 3700 0.001031
404 3700 0.001014
394 3700 0.000979
384 3700 0.000953
374 3700 0.000929
364 3700 0.000904
354 3700 0.000890
344 3700 0.000849
334 3700 0.000831
324 3700 0.000806
314 3700 0.000781
304 3700 0.000759
294 3700 0.000740
284 3700 0.000713
274 3700 0.000685
264 3700 0.000655
254 3700 0.000634
244 3700 0.000612
234 3700 0.000579
224 3700 0.000567
214 3700 0.000529
204 3700 0.000521
194 3700 0.000480
184 3700 0.000463
174 3700 0.000431
164 3700 0.000414
154 3700 0.000381
144 3700 0.000357
134 3700 0.000339
124 3700 0.000308
114 3700 0.000283
104 3700 0.000264
94 3700 0.000234
84 3700 0.000209
74 3700 0.000184
64 3700 0.000160
54 3700 0.000141
44 3700 0.000121
34 3700 0.000085
24 3700 0.000061
14 3700 0.000036
4 3700 0.000011
1024 3400 0.002543
1014 3400 0.002524
1004 3400 0.002484
994 3400 0.002469
984 3400 0.002441
974 3400 0.002413
964 3400 0.002395
954 3400 0.002360
944 3400 0.002351
934 3400 0.002311
924 3400 0.002298
914 3400 0.002267
904 3400 0.002252
894 3400 0.002213
884 3400 0.002190
874 3400 0.002178
864 3400 0.002139
854 3400 0.002126
844 3400 0.002089
834 3400 0.002075
824 3400 0.002041
814 3400 0.002016
804 3400 0.002002
794 3400 0.001967
784 3400 0.001946
774 3400 0.001923
764 3400 0.001894
754 3400 0.001879
744 3400 0.001844
734 3400 0.001815
724 3400 0.001807
714 3400 0.001770
704 3400 0.001745
694 3400 0.001727
684 3400 0.001701
674 3400 0.001671
664 3400 0.001652
654 3400 0.001622
644 3400 0.001599
634 3400 0.001579
624 3400 0.001549
614 3400 0.001519
604 3400 0.001510
594 3400 0.001474
584 3400 0.001449
574 3400 0.001421
564 3400 0.001413
554 3400 0.001373
544 3400 0.001347
534 3400 0.001339
524 3400 0.001309
514 3400 0.001274
504 3400 0.001252
494 3400 0.001224
484 3400 0.001209
474 3400 0.001175
464 3400 0.001151
454 3400 0.001125
444 3400 0.001117
434 3400 0.001077
424 3400 0.001052
414 3400 0.001026
404 3400 0.001003
394 3400 0.000988
384 3400 0.000954
374 3400 0.000931
364 3400 0.000898
354 3400 0.000882
344 3400 0.000855
334 3400 0.000840
324 3400 0.000808
314 3400 0.000782
304 3400 0.000751
294 3400 0.000731
284 3400 0.000707
274 3400 0.000681
264 3400 0.000663
254 3400 0.000634
244 3400 0.000603
234 3400 0.000585
224 3400 0.000559
214 3400 0.000529
204 3400 0.000510
194 3400 0.000479
184 3400 0.000462
174 3400 0.000441
164 3400 0.000408
154 3400 0.000389
144 3400 0.000357
134 3400 0.000332
124 3400 0.000314
114 3400 0.000284
104 3400 0.000258
94 3400 0.000239
84 3400 0.000210
74 3400 0.000184
64 3400 0.000163
54 3400 0.000135
44 3400 0.000112
34 3400 0.000085
24 3400 0.000069
14 3400 0.000036
4 3400 0.000011
1024 3100 0.002544
1014 3100 0.002512
1004 3100 0.002494
994 3100 0.002462
984 3100 0.002445
974 3100 0.002410
964 3100 0.002400
954 3100 0.002360
944 3100 0.002352
934 3100 0.002312
924 3100 0.002287
914 3100 0.002273
904 3100 0.002240
894 3100 0.002224
884 3100 0.002195
874 3100 0.002174
864 3100 0.002142
854 3100 0.002119
844 3100 0.002110
834 3100 0.002067
824 3100 0.002051
814 3100 0.002016
804 3100 0.001991
794 3100 0.001978
784 3100 0.001946
774 3100 0.001930
764 3100 0.001896
754 3100 0.001863
744 3100 0.001854
734 3100 0.001819
724 3100 0.001795
714 3100 0.001781
704 3100 0.001742
694 3100 0.001720
684 3100 0.001707
674 3100 0.001671
664 3100 0.001642
654 3100 0.001634
644 3100 0.001594
634 3100 0.001572
624 3100 0.001559
614 3100 0.001520
604 3100 0.001499
594 3100 0.001480
584 3100 0.001451
574 3100 0.001420
564 3100 0.001395
554 3100 0.001387
544 3100 0.001347
534 3100 0.001322
524 3100 0.001301
514 3100 0.001286
504 3100 0.001249
494 3100 0.001224
484 3100 0.001204
474 3100 0.001188
464 3100 0.001150
454 3100 0.001125
444 3100 0.001101
434 3100 0.001076
424 3100 0.001062
414 3100 0.001028
404 3100 0.001002
394 3100 0.000980
384 3100 0.000953
374 3100 0.000942
364 3100 0.000905
354 3100 0.000880
344 3100 0.000858
334 3100 0.000831
324 3100 0.000806
314 3100 0.000786
304 3100 0.000757
294 3100 0.000736
284 3100 0.000707
274 3100 0.000676
264 3100 0.000658
254 3100 0.000633
244 3100 0.000613
234 3100 0.000591
224 3100 0.000554
214 3100 0.000536
204 3100 0.000504
194 3100 0.000495
184 3100 0.000464
174 3100 0.000446
164 3100 0.000412
154 3100 0.000387
144 3100 0.000360
134 3100 0.000340
124 3100 0.000316
114 3100 0.000292
104 3100 0.000259
94 3100 0.000236
84 3100 0.000244
74 3100 0.000225
64 3100 0.000172
54 3100 0.000136
44 3100 0.000110
34 3100 0.000094
24 3100 0.000061
14 3100 0.000036
4 3100 0.000018
1024 2800 0.002553
1014 2800 0.002528
1004 2800 0.002499
994 2800 0.002484
984 2800 0.002441
974 2800 0.002441
964 2800 0.002389
954 2800 0.002374
944 2800 0.002349
934 2800 0.002323
924 2800 0.002289
914 2800 0.002272
904 2800 0.002245
894 2800 0.002221
884 2800 0.002193
874 2800 0.002162
864 2800 0.002161
854 2800 0.002118
844 2800 0.002102
834 2800 0.002065
824 2800 0.002039
814 2800 0.002025
804 2800 0.001991
794 2800 0.001978
784 2800 0.001941
774 2800 0.001917
764 2800 0.001907
754 2800 0.001874
744 2800 0.001844
734 2800 0.001830
724 2800 0.001794
714 2800 0.001776
704 2800 0.001748
694 2800 0.001722
684 2800 0.001709
674 2800 0.001673
664 2800 0.001642
654 2800 0.001622
644 2800 0.001604
634 2800 0.001573
624 2800 0.001548
614 2800 0.001530
604 2800 0.001499
594 2800 0.001470
584 2800 0.001466
574 2800 0.001421
564 2800 0.001397
554 2800 0.001376
544 2800 0.001358
534 2800 0.001323
524 2800 0.001301
514 2800 0.001272
504 2800 0.001259
494 2800 0.001230
484 2800 0.001199
474 2800 0.001175
464 2800 0.001160
454 2800 0.001126
444 2800 0.001104
434 2800 0.001084
424 2800 0.001054
414 2800 0.001037
404 2800 0.001019
394 2800 0.000989
384 2800 0.000953
374 2800 0.000929
364 2800 0.000915
354 2800 0.000881
344 2800 0.000855
334 2800 0.000830
324 2800 0.000806
314 2800 0.000776
304 2800 0.000769
294 2800 0.000733
284 2800 0.000709
274 2800 0.000681
264 2800 0.000658
254 2800 0.000633
244 2800 0.000603
234 2800 0.000584
224 2800 0.000564
214 2800 0.000536
204 2800 0.000504
194 2800 0.000486
184 2800 0.000455
174 2800 0.000437
164 2800 0.000406
154 2800 0.000387
144 2800 0.000358
134 2800 0.000332
124 2800 0.000314
114 2800 0.000286
104 2800 0.000258
94 2800 0.000244
84 2800 0.000215
74 2800 0.000185
64 2800 0.000159
54 2800 0.000135
44 2800 0.000110
34 2800 0.000085
24 2800 0.000060
14 2800 0.000036
4 2800 0.000013
1024 2500 0.002538
1014 2500 0.002518
1004 2500 0.002487
994 2500 0.002474
984 2500 0.002438
974 2500 0.002419
964 2500 0.002389
954 2500 0.002370
944 2500 0.002336
934 2500 0.002313
924 2500 0.002296
914 2500 0.002261
904 2500 0.002254
894 2500 0.002217
884 2500 0.002200
874 2500 0.002164
864 2500 0.002150
854 2500 0.002116
844 2500 0.002088
834 2500 0.002080
824 2500 0.002051
814 2500 0.002033
804 2500 0.001991
794 2500 0.001966
784 2500 0.001954
774 2500 0.001921
764 2500 0.001893
754 2500 0.001883
744 2500 0.001843
734 2500 0.001828
724 2500 0.001796
714 2500 0.001768
704 2500 0.001750
694 2500 0.001720
684 2500 0.001699
674 2500 0.001676
664 2500 0.001647
654 2500 0.001622
644 2500 0.001599
634 2500 0.001579
624 2500 0.001545
614 2500 0.001528
604 2500 0.001505
594 2500 0.001475
584 2500 0.001446
574 2500 0.001436
564 2500 0.001401
554 2500 0.001375
544 2500 0.001346
534 2500 0.001332
524 2500 0.001302
514 2500 0.001274
504 2500 0.001251
494 2500 0.001235
484 2500 0.001207
474 2500 0.001178
464 2500 0.001150
454 2500 0.001136
444 2500 0.001102
434 2500 0.001076
424 2500 0.001052
414 2500 0.001027
404 2500 0.001013
394 2500 0.000979
384 2500 0.000956
374 2500 0.000934
364 2500 0.000905
354 2500 0.000880
344 2500 0.000868
334 2500 0.000833
324 2500 0.000800
314 2500 0.000781
304 2500 0.000756
294 2500 0.000731
284 2500 0.000712
274 2500 0.000684
264 2500 0.000659
254 2500 0.000628
244 2500 0.000608
234 2500 0.000585
224 2500 0.000554
214 2500 0.000535
204 2500 0.000505
194 2500 0.000497
184 2500 0.000456
174 2500 0.000437
164 2500 0.000406
154 2500 0.000384
144 2500 0.000363
134 2500 0.000332
124 2500 0.000308
114 2500 0.000288
104 2500 0.000258
94 2500 0.000234
84 2500 0.000209
74 2500 0.000190
64 2500 0.000163
54 2500 0.000136
44 2500 0.000110
34 2500 0.000085
24 2500 0.000061
14 2500 0.000036
4 2500 0.000011
1024 2200 0.002549
1014 2200 0.002507
1004 2200 0.002498
994 2200 0.002458
984 2200 0.002449
974 2200 0.002409
964 2200 0.002396
954 2200 0.002364
944 2200 0.002349
934 2200 0.002311
924 2200 0.002301
914 2200 0.002261
904 2200 0.002246
894 2200 0.002216
884 2200 0.002188
874 2200 0.002176
864 2200 0.002139
854 2200 0.002127
844 2200 0.002091
834 2200 0.002064
824 2200 0.002052
814 2200 0.002016
804 2200 0.002003
794 2200 0.001968
784 2200 0.001944
774 2200 0.001928
764 2200 0.001893
754 2200 0.001872
744 2200 0.001850
734 2200 0.001820
724 2200 0.001800
714 2200 0.001770
704 2200 0.001745
694 2200 0.001732
684 2200 0.001692
674 2200 0.001671
664 2200 0.001659
654 2200 0.001619
644 2200 0.001597
634 2200 0.001584
624 2200 0.001545
614 2200 0.001523
604 2200 0.001495
594 2200 0.001486
584 2200 0.001445
574 2200 0.001430
564 2200 0.001410
554 2200 0.001372
544 2200 0.001351
534 2200 0.001323
524 2200 0.001311
514 2200 0.001279
504 2200 0.001249
494 2200 0.001223
484 2200 0.001221
474 2200 0.001180
464 2200 0.001165
454 2200 0.001126
444 2200 0.001100
434 2200 0.001088
424 2200 0.001055
414 2200 0.001027
404 2200 0.001012
394 2200 0.000978
384 2200 0.000967
374 2200 0.000929
364 2200 0.000904
354 2200 0.000887
344 2200 0.000855
334 2200 0.000835
324 2200 0.000807
314 2200 0.000781
304 2200 0.000756
294 2200 0.000726
284 2200 0.000707
274 2200 0.000684
264 2200 0.000668
254 2200 0.000627
244 2200 0.000611
234 2200 0.000578
224 2200 0.000560
214 2200 0.000529
204 2200 0.000511
194 2200 0.000482
184 2200 0.000463
174 2200 0.000433
164 2200 0.000422
154 2200 0.000382
144 2200 0.000363
134 2200 0.000332
124 2200 0.000308
114 2200 0.000283
104 2200 0.000267
94 2200 0.000234
84 2200 0.000209
74 2200 0.000185
64 2200 0.000166
54 2200 0.000136
44 2200 0.000110
34 2200 0.000085
24 2200 0.000061
14 2200 0.000036
4 2200 0.000012
1024 1900 0.002544
1014 1900 0.002513
1004 1900 0.002499
994 1900 0.002460
984 1900 0.002444
974 1900 0.002414
964 1900 0.002394
954 1900 0.002365
944 1900 0.002334
934 1900 0.002321
924 1900 0.002290
914 1900 0.002271
904 1900 0.002241
894 1900 0.002226
884 1900 0.002188
874 1900 0.002188
864 1900 0.002140
854 1900 0.002116
844 1900 0.002101
834 1900 0.002064
824 1900 0.002049
814 1900 0.002016
804 1900 0.001990
794 1900 0.001977
784 1900 0.001942
774 1900 0.001916
764 1900 0.001913
754 1900 0.001870
744 1900 0.001855
734 1900 0.001814
724 1900 0.001804
714 1900 0.001782
704 1900 0.001746
694 1900 0.001719
684 1900 0.001702
674 1900 0.001672
664 1900 0.001653
654 1900 0.001628
644 1900 0.001598
634 1900 0.001569
624 1900 0.001603
614 1900 0.001521
604 1900 0.001498
594 1900 0.001470
584 1900 0.001463
574 1900 0.001424
564 1900 0.001400
554 1900 0.001382
544 1900 0.001347
534 1900 0.001326
524 1900 0.001297
514 1900 0.001283
504 1900 0.001254
494 1900 0.001223
484 1900 0.001209
474 1900 0.001186
464 1900 0.001151
454 1900 0.001145
444 1900 0.001109
434 1900 0.001086
424 1900 0.001064
414 1900 0.001027
404 1900 0.001003
394 1900 0.000996
384 1900 0.000975
374 1900 0.000947
364 1900 0.000918
354 1900 0.000899
344 1900 0.000865
334 1900 0.000838
324 1900 0.000822
314 1900 0.000810
304 1900 0.000773
294 1900 0.000740
284 1900 0.000707
274 1900 0.000694
264 1900 0.000666
254 1900 0.000640
244 1900 0.000629
234 1900 0.000586
224 1900 0.000573
214 1900 0.000550
204 1900 0.000511
194 1900 0.000494
184 1900 0.000455
174 1900 0.000440
164 1900 0.000411
154 1900 0.000392
144 1900 0.000374
134 1900 0.000342
124 1900 0.000307
114 1900 0.000300
104 1900 0.000270
94 1900 0.000234
84 1900 0.000210
74 1900 0.000188
64 1900 0.000174
54 1900 0.000135
44 1900 0.000110
34 1900 0.000085
24 1900 0.000061
14 1900 0.000038
4 1900 0.000012
1024 1600 0.002561
1014 1600 0.002547
1004 1600 0.002506
994 1600 0.002497
984 1600 0.002450
974 1600 0.002443
964 1600 0.002393
954 1600 0.002398
944 1600 0.002350
934 1600 0.002351
924 1600 0.002308
914 1600 0.002282
904 1600 0.002263
894 1600 0.002234
884 1600 0.002227
874 1600 0.002168
864 1600 0.002170
854 1600 0.002127
844 1600 0.002116
834 1600 0.002090
824 1600 0.002052
814 1600 0.002037
804 1600 0.002003
794 1600 0.001989
784 1600 0.001967
774 1600 0.001917
764 1600 0.001921
754 1600 0.001882
744 1600 0.001855
734 1600 0.001840
724 1600 0.001806
714 1600 0.001802
704 1600 0.001754
694 1600 0.001732
684 1600 0.001721
674 1600 0.001693
664 1600 0.001655
654 1600 0.001643
644 1600 0.001610
634 1600 0.001581
624 1600 0.001563
614 1600 0.001535
604 1600 0.001520
594 1600 0.001470
584 1600 0.001473
574 1600 0.001434
564 1600 0.001476
554 1600 0.001386
544 1600 0.001366
534 1600 0.001351
524 1600 0.001298
514 1600 0.001297
504 1600 0.001255
494 1600 0.001248
484 1600 0.001201
474 1600 0.001183
464 1600 0.001163
454 1600 0.001142
444 1600 0.001114
434 1600 0.001076
424 1600 0.001074
414 1600 0.001028
404 1600 0.001016
394 1600 0.000979
384 1600 0.000953
374 1600 0.000953
364 1600 0.000905
354 1600 0.000887
344 1600 0.000869
334 1600 0.000832
324 1600 0.000806
314 1600 0.000791
304 1600 0.000757
294 1600 0.000730
284 1600 0.000722
274 1600 0.000682
264 1600 0.000652
254 1600 0.000635
244 1600 0.000609
234 1600 0.000588
224 1600 0.000560
214 1600 0.000529
204 1600 0.000513
194 1600 0.000482
184 1600 0.000470
174 1600 0.000431
164 1600 0.000412
154 1600 0.000382
144 1600 0.000357
134 1600 0.000338
124 1600 0.000315
114 1600 0.000286
104 1600 0.000267
94 1600 0.000234
84 1600 0.000212
74 1600 0.000184
64 1600 0.000161
54 1600 0.000142
44 1600 0.000111
34 1600 0.000086
24 1600 0.000061
14 1600 0.000036
4 1600 0.000011
1024 1300 0.002535
1014 1300 0.002533
1004 1300 0.002483
994 1300 0.002486
984 1300 0.002440
974 1300 0.002433
964 1300 0.002398
954 1300 0.002377
944 1300 0.002335
934 1300 0.002330
924 1300 0.002291
914 1300 0.002268
904 1300 0.002242
894 1300 0.002212
884 1300 0.002198
874 1300 0.002178
864 1300 0.002149
854 1300 0.002114
844 1300 0.002089
834 1300 0.002075
824 1300 0.002040
814 1300 0.002030
804 1300 0.001994
794 1300 0.001967
784 1300 0.001953
774 1300 0.001917
764 1300 0.001906
754 1300 0.001869
744 1300 0.001843
734 1300 0.001824
724 1300 0.001795
714 1300 0.001770
704 1300 0.001757
694 1300 0.001716
684 1300 0.001696
674 1300 0.001684
664 1300 0.001647
654 1300 0.001620
644 1300 0.001609
634 1300 0.001570
624 1300 0.001549
614 1300 0.001530
604 1300 0.001500
594 1300 0.001470
584 1300 0.001450
574 1300 0.001433
564 1300 0.001401
554 1300 0.001371
544 1300 0.001352
534 1300 0.001334
524 1300 0.001298
514 1300 0.001273
504 1300 0.001259
494 1300 0.001232
484 1300 0.001208
474 1300 0.001175
464 1300 0.001150
454 1300 0.001135
444 1300 0.001105
434 1300 0.001077
424 1300 0.001052
414 1300 0.001027
404 1300 0.001012
394 1300 0.000980
384 1300 0.000953
374 1300 0.000929
364 1300 0.000904
354 1300 0.000884
344 1300 0.000855
334 1300 0.000833
324 1300 0.000816
314 1300 0.000781
304 1300 0.000751
294 1300 0.000742
284 1300 0.000708
274 1300 0.000685
264 1300 0.000652
254 1300 0.000636
244 1300 0.000609
234 1300 0.000578
224 1300 0.000560
214 1300 0.000535
204 1300 0.000517
194 1300 0.000480
184 1300 0.000465
174 1300 0.000431
164 1300 0.000406
154 1300 0.000387
144 1300 0.000357
134 1300 0.000337
124 1300 0.000308
114 1300 0.000285
104 1300 0.000258
94 1300 0.000239
84 1300 0.000209
74 1300 0.000185
64 1300 0.000159
54 1300 0.000146
44 1300 0.000110
34 1300 0.000091
24 1300 0.000060
14 1300 0.000036
4 1300 0.000013
1024 1000 0.002534
1014 1000 0.002522
1004 1000 0.002485
994 1000 0.002473
984 1000 0.002434
974 1000 0.002413
964 1000 0.002395
954 1000 0.002359
944 1000 0.002352
934 1000 0.002310
924 1000 0.002297
914 1000 0.002266
904 1000 0.002251
894 1000 0.002213
884 1000 0.002197
874 1000 0.002164
864 1000 0.002142
854 1000 0.002125
844 1000 0.002089
834 1000 0.002075
824 1000 0.002043
814 1000 0.002015
804 1000 0.002002
794 1000 0.001966
784 1000 0.001950
774 1000 0.001918
764 1000 0.001892
754 1000 0.001879
744 1000 0.001838
734 1000 0.001818
724 1000 0.001807
714 1000 0.001769
704 1000 0.001743
694 1000 0.001727
684 1000 0.001709
674 1000 0.001671
664 1000 0.001652
654 1000 0.001624
644 1000 0.001593
634 1000 0.001585
624 1000 0.001549
614 1000 0.001518
604 1000 0.001510
594 1000 0.001474
584 1000 0.001454
574 1000 0.001429
564 1000 0.001405
554 1000 0.001378
544 1000 0.001347
534 1000 0.001322
524 1000 0.001315
514 1000 0.001273
504 1000 0.001248
494 1000 0.001228
484 1000 0.001210
474 1000 0.001175
464 1000 0.001150
454 1000 0.001126
444 1000 0.001113
434 1000 0.001078
424 1000 0.001052
414 1000 0.001032
404 1000 0.001002
394 1000 0.000983
384 1000 0.000954
374 1000 0.000931
364 1000 0.000905
354 1000 0.000879
344 1000 0.000856
334 1000 0.000841
324 1000 0.000806
314 1000 0.000775
304 1000 0.000758
294 1000 0.000733
284 1000 0.000710
274 1000 0.000687
264 1000 0.000659
254 1000 0.000633
244 1000 0.000603
234 1000 0.000586
224 1000 0.000553
214 1000 0.000535
204 1000 0.000505
194 1000 0.000485
184 1000 0.000461
174 1000 0.000442
164 1000 0.000407
154 1000 0.000388
144 1000 0.000356
134 1000 0.000333
124 1000 0.000313
114 1000 0.000284
104 1000 0.000258
94 1000 0.000234
84 1000 0.000215
74 1000 0.000185
64 1000 0.000159
54 1000 0.000135
44 1000 0.000113
34 1000 0.000086
24 1000 0.000062
14 1000 0.000036
4 1000 0.000012
1024 700 0.002550
1014 700 0.002517
1004 700 0.002494
994 700 0.002460
984 700 0.002448
974 700 0.002409
964 700 0.002400
954 700 0.002360
944 700 0.002344
934 700 0.002314
924 700 0.002286
914 700 0.002274
904 700 0.002241
894 700 0.002222
884 700 0.002187
874 700 0.002173
864 700 0.002145
854 700 0.002114
844 700 0.002104
834 700 0.002064
824 700 0.002051
814 700 0.002015
804 700 0.001990
794 700 0.001977
784 700 0.001942
774 700 0.001924
764 700 0.001892
754 700 0.001868
744 700 0.001857
734 700 0.001819
724 700 0.001795
714 700 0.001779
704 700 0.001744
694 700 0.001720
684 700 0.001707
674 700 0.001668
664 700 0.001647
654 700 0.001633
644 700 0.001593
634 700 0.001575
624 700 0.001554
614 700 0.001529
604 700 0.001495
594 700 0.001483
584 700 0.001448
574 700 0.001426
564 700 0.001397
554 700 0.001389
544 700 0.001347
534 700 0.001322
524 700 0.001302
514 700 0.001284
504 700 0.001250
494 700 0.001226
484 700 0.001199
474 700 0.001186
464 700 0.001154
454 700 0.001126
444 700 0.001101
434 700 0.001086
424 700 0.001055
414 700 0.001030
404 700 0.001003
394 700 0.000983
384 700 0.000960
374 700 0.000934
364 700 0.000904
354 700 0.000881
344 700 0.000855
334 700 0.000830
324 700 0.000810
314 700 0.000781
304 700 0.000756
294 700 0.000732
284 700 0.000702
274 700 0.000682
264 700 0.000658
254 700 0.000627
244 700 0.000619
234 700 0.000584
224 700 0.000554
214 700 0.000537
204 700 0.000505
194 700 0.000485
184 700 0.000456
174 700 0.000436
164 700 0.000406
154 700 0.000382
144 700 0.000373
134 700 0.000332
124 700 0.000308
114 700 0.000290
104 700 0.000258
94 700 0.000234
84 700 0.000217
74 700 0.000192
64 700 0.000160
54 700 0.000135
44 700 0.000111
34 700 0.000086
24 700 0.000061
14 700 0.000036
4 700 0.000012
1024 400 0.002542
1014 400 0.002514
1004 400 0.002487
994 400 0.002468
984 400 0.002438
974 400 0.002419
964 400 0.002386
954 400 0.002375
944 400 0.002335
934 400 0.002322
924 400 0.002289
914 400 0.002274
904 400 0.002237
894 400 0.002228
884 400 0.002188
874 400 0.002163
864 400 0.002149
854 400 0.002124
844 400 0.002099
834 400 0.002065
824 400 0.002042
814 400 0.002028
804 400 0.001998
794 400 0.001976
784 400 0.001946
774 400 0.001918
764 400 0.001912
754 400 0.001868
744 400 0.001842
734 400 0.001828
724 400 0.001789
714 400 0.001769
704 400 0.001756
694 400 0.001720
684 400 0.001695
674 400 0.001681
664 400 0.001647
654 400 0.001618
644 400 0.001608
634 400 0.001572
624 400 0.001543
614 400 0.001535
604 400 0.001495
594 400 0.001486
584 400 0.001455
574 400 0.001436
564 400 0.001396
554 400 0.001387
544 400 0.001366
534 400 0.001323
524 400 0.001299
514 400 0.001286
504 400 0.001260
494 400 0.001228
484 400 0.001199
474 400 0.001174
464 400 0.001173
454 400 0.001129
444 400 0.001102
434 400 0.001081
424 400 0.001056
414 400 0.001039
404 400 0.001004
394 400 0.000980
384 400 0.000953
374 400 0.000929
364 400 0.000914
354 400 0.000880
344 400 0.000855
334 400 0.000824
324 400 0.000805
314 400 0.000781
304 400 0.000766
294 400 0.000733
284 400 0.000702
274 400 0.000682
264 400 0.000661
254 400 0.000628
244 400 0.000611
234 400 0.000578
224 400 0.000570
214 400 0.000529
204 400 0.000512
194 400 0.000479
184 400 0.000464
174 400 0.000431
164 400 0.000412
154 400 0.000381
144 400 0.000363
134 400 0.000332
124 400 0.000312
114 400 0.000283
104 400 0.000264
94 400 0.000244
84 400 0.000209
74 400 0.000185
64 400 0.000167
54 400 0.000136
44 400 0.000110
34 400 0.000085
24 400 0.000061
14 400 0.000036
4 400 0.000011
1024 100 0.002537
1014 100 0.002520
1004 100 0.002487
994 100 0.002469
984 100 0.002433
974 100 0.002424
964 100 0.002385
954 100 0.002378
944 100 0.002338
934 100 0.002310
924 100 0.002305
914 100 0.002261
904 100 0.002251
894 100 0.002213
884 100 0.002203
874 100 0.002165
864 100 0.002143
854 100 0.002119
844 100 0.002089
834 100 0.002079
824 100 0.002042
814 100 0.002026
804 100 0.001992
794 100 0.001966
784 100 0.001953
774 100 0.001918
764 100 0.001891
754 100 0.001878
744 100 0.001843
734 100 0.001825
724 100 0.001797
714 100 0.001769
704 100 0.001755
694 100 0.001720
684 100 0.001691
674 100 0.001681
664 100 0.001647
654 100 0.001619
644 100 0.001602
634 100 0.001575
624 100 0.001548
614 100 0.001518
604 100 0.001513
594 100 0.001472
584 100 0.001449
574 100 0.001438
564 100 0.001404
554 100 0.001379
544 100 0.001348
534 100 0.001339
524 100 0.001306
514 100 0.001273
504 100 0.001256
494 100 0.001236
484 100 0.001207
474 100 0.001175
464 100 0.001151
454 100 0.001142
444 100 0.001103
434 100 0.001076
424 100 0.001052
414 100 0.001027
404 100 0.001012
394 100 0.000981
384 100 0.000966
374 100 0.000929
364 100 0.000904
354 100 0.000879
344 100 0.000859
334 100 0.000832
324 100 0.000806
314 100 0.000784
304 100 0.000756
294 100 0.000729
284 100 0.000717
274 100 0.000684
264 100 0.000652
254 100 0.000633
244 100 0.000609
234 100 0.000578
224 100 0.000559
214 100 0.000529
204 100 0.000510
194 100 0.000491
184 100 0.000462
174 100 0.000433
164 100 0.000415
154 100 0.000382
144 100 0.000357
134 100 0.000338
124 100 0.000308
114 100 0.000282
104 100 0.000264
94 100 0.000234
84 100 0.000209
74 100 0.000184
64 100 0.000160
54 100 0.000135
44 100 0.000120
34 100 0.000087
24 100 0.000060
14 100 0.000036
4 100 0.000012
