1000000 10000 0.067274
990000 10000 0.066695
980000 10000 0.065825
970000 10000 0.065303
960000 10000 0.064587
950000 10000 0.064111
940000 10000 0.063257
930000 10000 0.062684
920000 10000 0.061890
910000 10000 0.061327
900000 10000 0.060614
890000 10000 0.060171
880000 10000 0.059342
870000 10000 0.058669
860000 10000 0.057928
850000 10000 0.057321
840000 10000 0.056611
830000 10000 0.055970
820000 10000 0.055260
810000 10000 0.054386
800000 10000 0.053896
790000 10000 0.053140
780000 10000 0.052455
770000 10000 0.052158
760000 10000 0.051216
750000 10000 0.050474
740000 10000 0.050123
730000 10000 0.049199
720000 10000 0.048399
710000 10000 0.047762
700000 10000 0.046887
690000 10000 0.046441
680000 10000 0.045667
670000 10000 0.045124
660000 10000 0.044514
650000 10000 0.043791
640000 10000 0.043168
630000 10000 0.042408
620000 10000 0.041661
610000 10000 0.041100
600000 10000 0.040277
590000 10000 0.039842
580000 10000 0.033473
570000 10000 0.025768
560000 10000 0.019899
550000 10000 0.017612
540000 10000 0.017438
530000 10000 0.017078
520000 10000 0.016771
510000 10000 0.016461
500000 10000 0.016144
490000 10000 0.015760
480000 10000 0.015421
470000 10000 0.015107
460000 10000 0.014846
450000 10000 0.014489
440000 10000 0.014172
430000 10000 0.013858
420000 10000 0.013473
410000 10000 0.013147
400000 10000 0.012869
390000 10000 0.012509
380000 10000 0.012135
370000 10000 0.011973
360000 10000 0.011566
350000 10000 0.011231
340000 10000 0.010934
330000 10000 0.010677
320000 10000 0.010353
310000 10000 0.009956
300000 10000 0.009643
290000 10000 0.009377
280000 10000 0.008856
270000 10000 0.008670
260000 10000 0.008341
250000 10000 0.008049
240000 10000 0.007675
230000 10000 0.007491
220000 10000 0.007113
210000 10000 0.006702
200000 10000 0.006457
190000 10000 0.006129
180000 10000 0.005844
170000 10000 0.005423
160000 10000 0.005122
150000 10000 0.004793
140000 10000 0.004506
130000 10000 0.004170
120000 10000 0.003838
110000 10000 0.003561
100000 10000 0.003222
90000 10000 0.002870
80000 10000 0.002578
70000 10000 0.002265
60000 10000 0.001957
50000 10000 0.001602
40000 10000 0.001292
30000 10000 0.000950
20000 10000 0.000617
10000 10000 0.000325
1000000 9000 0.032194
990000 9000 0.031706
980000 9000 0.031485
970000 9000 0.031208
960000 9000 0.030888
950000 9000 0.030576
940000 9000 0.030297
930000 9000 0.029846
920000 9000 0.029769
910000 9000 0.029250
900000 9000 0.028990
890000 9000 0.028415
880000 9000 0.028328
870000 9000 0.028059
860000 9000 0.027693
850000 9000 0.027285
840000 9000 0.026911
830000 9000 0.026661
820000 9000 0.026533
810000 9000 0.026131
800000 9000 0.025705
790000 9000 0.025440
780000 9000 0.025010
770000 9000 0.024741
760000 9000 0.024636
750000 9000 0.024137
740000 9000 0.023737
730000 9000 0.023460
720000 9000 0.023102
710000 9000 0.022892
700000 9000 0.022541
690000 9000 0.022220
680000 9000 0.021891
670000 9000 0.021534
660000 9000 0.021374
650000 9000 0.020871
640000 9000 0.020460
630000 9000 0.020319
620000 9000 0.019868
610000 9000 0.019493
600000 9000 0.019318
590000 9000 0.018835
580000 9000 0.018636
570000 9000 0.018330
560000 9000 0.017967
550000 9000 0.017675
540000 9000 0.017346
530000 9000 0.016989
520000 9000 0.016683
510000 9000 0.016400
500000 9000 0.016012
490000 9000 0.015731
480000 9000 0.015383
470000 9000 0.015007
460000 9000 0.014750
450000 9000 0.014386
440000 9000 0.014196
430000 9000 0.013825
420000 9000 0.013483
410000 9000 0.013209
400000 9000 0.012917
390000 9000 0.012519
380000 9000 0.012267
370000 9000 0.011957
360000 9000 0.011602
350000 9000 0.011278
340000 9000 0.010906
330000 9000 0.010591
320000 9000 0.010223
310000 9000 0.009964
300000 9000 0.009752
290000 9000 0.009251
280000 9000 0.009011
270000 9000 0.008690
260000 9000 0.008410
250000 9000 0.007943
240000 9000 0.007698
230000 9000 0.007485
220000 9000 0.007032
210000 9000 0.006797
200000 9000 0.006412
190000 9000 0.006113
180000 9000 0.005777
170000 9000 0.005467
160000 9000 0.005184
150000 9000 0.004820
140000 9000 0.004479
130000 9000 0.004199
120000 9000 0.003762
110000 9000 0.003518
100000 9000 0.003251
90000 9000 0.002923
80000 9000 0.002589
70000 9000 0.002222
60000 9000 0.001901
50000 9000 0.001616
40000 9000 0.001283
30000 9000 0.000982
20000 9000 0.000650
10000 9000 0.000322
1000000 8000 0.032013
990000 8000 0.031869
980000 8000 0.031462
970000 8000 0.031119
960000 8000 0.030957
950000 8000 0.030435
940000 8000 0.030248
930000 8000 0.029772
920000 8000 0.029554
910000 8000 0.029360
900000 8000 0.028839
890000 8000 0.028658
880000 8000 0.028443
870000 8000 0.028063
860000 8000 0.027713
850000 8000 0.027147
840000 8000 0.026953
830000 8000 0.026622
820000 8000 0.026293
810000 8000 0.026132
800000 8000 0.025743
790000 8000 0.025286
780000 8000 0.025013
770000 8000 0.024856
760000 8000 0.024419
750000 8000 0.024219
740000 8000 0.023824
730000 8000 0.023630
720000 8000 0.023268
710000 8000 0.022817
700000 8000 0.022498
690000 8000 0.022143
680000 8000 0.021909
670000 8000 0.021617
660000 8000 0.021182
650000 8000 0.020953
640000 8000 0.020524
630000 8000 0.020386
620000 8000 0.019879
610000 8000 0.019402
600000 8000 0.019241
590000 8000 0.019009
580000 8000 0.018581
570000 8000 0.018240
560000 8000 0.018084
550000 8000 0.017635
540000 8000 0.017374
530000 8000 0.017075
520000 8000 0.016630
510000 8000 0.016395
500000 8000 0.016043
490000 8000 0.015721
480000 8000 0.015328
470000 8000 0.015115
460000 8000 0.014839
450000 8000 0.014499
440000 8000 0.014135
430000 8000 0.013880
420000 8000 0.013420
410000 8000 0.013178
400000 8000 0.012893
390000 8000 0.012582
380000 8000 0.012217
370000 8000 0.011860
360000 8000 0.011585
350000 8000 0.011327
340000 8000 0.010964
330000 8000 0.010671
320000 8000 0.010330
310000 8000 0.009969
300000 8000 0.009683
290000 8000 0.009253
280000 8000 0.009062
270000 8000 0.008636
260000 8000 0.008399
250000 8000 0.008040
240000 8000 0.007700
230000 8000 0.007338
220000 8000 0.007134
210000 8000 0.006804
200000 8000 0.006459
190000 8000 0.006115
180000 8000 0.005826
170000 8000 0.005497
160000 8000 0.005131
150000 8000 0.004857
140000 8000 0.004511
130000 8000 0.004189
120000 8000 0.003842
110000 8000 0.003561
100000 8000 0.003178
90000 8000 0.002895
80000 8000 0.002591
70000 8000 0.002265
60000 8000 0.001935
50000 8000 0.001627
40000 8000 0.001294
30000 8000 0.000965
20000 8000 0.000647
10000 8000 0.000319
1000000 7000 0.032343
990000 7000 0.031731
980000 7000 0.031529
970000 7000 0.031285
960000 7000 0.030883
950000 7000 0.030634
940000 7000 0.030307
930000 7000 0.030033
920000 7000 0.029921
910000 7000 0.029306
900000 7000 0.029018
890000 7000 0.028745
880000 7000 0.028095
870000 7000 0.027913
860000 7000 0.027664
850000 7000 0.027198
840000 7000 0.027030
830000 7000 0.026694
820000 7000 0.026307
810000 7000 0.026030
800000 7000 0.025627
790000 7000 0.025237
780000 7000 0.025116
770000 7000 0.024778
760000 7000 0.024496
750000 7000 0.024181
740000 7000 0.023675
730000 7000 0.023506
720000 7000 0.023182
710000 7000 0.022857
700000 7000 0.022433
690000 7000 0.022185
680000 7000 0.021940
670000 7000 0.021529
660000 7000 0.021209
650000 7000 0.020899
640000 7000 0.020435
630000 7000 0.020241
620000 7000 0.019805
610000 7000 0.019613
600000 7000 0.019279
590000 7000 0.019006
580000 7000 0.018586
570000 7000 0.018318
560000 7000 0.017890
550000 7000 0.017657
540000 7000 0.017337
530000 7000 0.017007
520000 7000 0.016802
510000 7000 0.016339
500000 7000 0.016114
490000 7000 0.015735
480000 7000 0.015433
470000 7000 0.015151
460000 7000 0.014867
450000 7000 0.014424
440000 7000 0.014199
430000 7000 0.013778
420000 7000 0.013564
410000 7000 0.013149
400000 7000 0.012860
390000 7000 0.012567
380000 7000 0.012145
370000 7000 0.011894
360000 7000 0.011634
350000 7000 0.011335
340000 7000 0.010945
330000 7000 0.010555
320000 7000 0.010346
310000 7000 0.010024
300000 7000 0.009645
290000 7000 0.009291
280000 7000 0.009032
270000 7000 0.008619
260000 7000 0.008292
250000 7000 0.007999
240000 7000 0.007645
230000 7000 0.007322
220000 7000 0.007060
210000 7000 0.006760
200000 7000 0.006435
190000 7000 0.006102
180000 7000 0.005788
170000 7000 0.005479
160000 7000 0.005183
150000 7000 0.004801
140000 7000 0.004488
130000 7000 0.004136
120000 7000 0.003867
110000 7000 0.003566
100000 7000 0.003227
90000 7000 0.002903
80000 7000 0.002571
70000 7000 0.002262
60000 7000 0.001949
50000 7000 0.001606
40000 7000 0.001253
30000 7000 0.000966
20000 7000 0.000658
10000 7000 0.000319
1000000 6000 0.031921
990000 6000 0.031786
980000 6000 0.031436
970000 6000 0.031169
960000 6000 0.030773
950000 6000 0.030564
940000 6000 0.030171
930000 6000 0.029888
920000 6000 0.029529
910000 6000 0.029227
900000 6000 0.028860
890000 6000 0.028589
880000 6000 0.028242
870000 6000 0.028019
860000 6000 0.027651
850000 6000 0.027361
840000 6000 0.027043
830000 6000 0.026619
820000 6000 0.026327
810000 6000 0.026094
800000 6000 0.025783
790000 6000 0.025387
780000 6000 0.025161
770000 6000 0.024831
760000 6000 0.024507
750000 6000 0.024097
740000 6000 0.023833
730000 6000 0.023633
720000 6000 0.023213
710000 6000 0.022812
700000 6000 0.022494
690000 6000 0.022411
680000 6000 0.021927
670000 6000 0.021601
660000 6000 0.021227
650000 6000 0.020947
640000 6000 0.020547
630000 6000 0.020065
620000 6000 0.019986
610000 6000 0.019612
600000 6000 0.019301
590000 6000 0.019170
580000 6000 0.018735
570000 6000 0.018271
560000 6000 0.017896
550000 6000 0.017723
540000 6000 0.017403
530000 6000 0.017122
520000 6000 0.016714
510000 6000 0.016469
500000 6000 0.016167
490000 6000 0.015741
480000 6000 0.015492
470000 6000 0.015146
460000 6000 0.014853
450000 6000 0.014467
440000 6000 0.014229
430000 6000 0.013798
420000 6000 0.013574
410000 6000 0.013180
400000 6000 0.012929
390000 6000 0.012445
380000 6000 0.012188
370000 6000 0.011954
360000 6000 0.011597
350000 6000 0.011152
340000 6000 0.010835
330000 6000 0.010565
320000 6000 0.010260
310000 6000 0.009966
300000 6000 0.009646
290000 6000 0.009344
280000 6000 0.008924
270000 6000 0.008662
260000 6000 0.008373
250000 6000 0.008045
240000 6000 0.007708
230000 6000 0.007416
220000 6000 0.007030
210000 6000 0.006720
200000 6000 0.006421
190000 6000 0.006145
180000 6000 0.005831
170000 6000 0.005478
160000 6000 0.005106
150000 6000 0.004777
140000 6000 0.004512
130000 6000 0.004214
120000 6000 0.003885
110000 6000 0.003544
100000 6000 0.003154
90000 6000 0.002890
80000 6000 0.002531
70000 6000 0.002271
60000 6000 0.001941
50000 6000 0.001615
40000 6000 0.001294
30000 6000 0.000969
20000 6000 0.000648
10000 6000 0.000322
1000000 5000 0.032077
990000 5000 0.031859
980000 5000 0.031524
970000 5000 0.031103
960000 5000 0.030850
950000 5000 0.030425
940000 5000 0.030178
930000 5000 0.029840
920000 5000 0.029648
910000 5000 0.029240
900000 5000 0.028996
890000 5000 0.028607
880000 5000 0.028354
870000 5000 0.027969
860000 5000 0.027798
850000 5000 0.027420
840000 5000 0.027113
830000 5000 0.026543
820000 5000 0.026366
810000 5000 0.025996
800000 5000 0.025606
790000 5000 0.025346
780000 5000 0.025026
770000 5000 0.024787
760000 5000 0.024496
750000 5000 0.024136
740000 5000 0.023837
730000 5000 0.023436
720000 5000 0.023137
710000 5000 0.022790
700000 5000 0.022380
690000 5000 0.022323
680000 5000 0.021859
670000 5000 0.021621
660000 5000 0.021138
650000 5000 0.020864
640000 5000 0.020681
630000 5000 0.020370
620000 5000 0.019920
610000 5000 0.019646
600000 5000 0.019384
590000 5000 0.019110
580000 5000 0.018678
570000 5000 0.018303
560000 5000 0.017993
550000 5000 0.017596
540000 5000 0.017396
530000 5000 0.017044
520000 5000 0.016646
510000 5000 0.016473
500000 5000 0.016146
490000 5000 0.015784
480000 5000 0.015423
470000 5000 0.015056
460000 5000 0.014687
450000 5000 0.014498
440000 5000 0.014157
430000 5000 0.013848
420000 5000 0.013405
410000 5000 0.013087
400000 5000 0.012762
390000 5000 0.012562
380000 5000 0.012088
370000 5000 0.011933
360000 5000 0.011581
350000 5000 0.011210
340000 5000 0.011002
330000 5000 0.010551
320000 5000 0.010275
310000 5000 0.010039
300000 5000 0.009651
290000 5000 0.009353
280000 5000 0.009059
270000 5000 0.008613
260000 5000 0.008419
250000 5000 0.007977
240000 5000 0.007749
230000 5000 0.007439
220000 5000 0.007117
210000 5000 0.006791
200000 5000 0.006439
190000 5000 0.006094
180000 5000 0.005685
170000 5000 0.005490
160000 5000 0.005162
150000 5000 0.004815
140000 5000 0.004506
130000 5000 0.004120
120000 5000 0.003844
110000 5000 0.003531
100000 5000 0.003239
90000 5000 0.002860
80000 5000 0.002582
70000 5000 0.002217
60000 5000 0.001917
50000 5000 0.001619
40000 5000 0.001289
30000 5000 0.000970
20000 5000 0.000649
10000 5000 0.000323
1000000 4000 0.031964
990000 4000 0.031923
980000 4000 0.031596
970000 4000 0.031188
960000 4000 0.030668
950000 4000 0.030583
940000 4000 0.030272
930000 4000 0.029889
920000 4000 0.029555
910000 4000 0.029182
900000 4000 0.028850
890000 4000 0.028617
880000 4000 0.028481
870000 4000 0.028011
860000 4000 0.027645
850000 4000 0.027411
840000 4000 0.027193
830000 4000 0.026634
820000 4000 0.026355
810000 4000 0.025980
800000 4000 0.025768
790000 4000 0.025362
780000 4000 0.025004
770000 4000 0.024737
760000 4000 0.024448
750000 4000 0.024216
740000 4000 0.023672
730000 4000 0.023478
720000 4000 0.023071
710000 4000 0.022805
700000 4000 0.022590
690000 4000 0.022136
680000 4000 0.021879
670000 4000 0.021496
660000 4000 0.021142
650000 4000 0.020898
640000 4000 0.020534
630000 4000 0.020219
620000 4000 0.019844
610000 4000 0.019598
600000 4000 0.019308
590000 4000 0.018986
580000 4000 0.018677
570000 4000 0.018291
560000 4000 0.017902
550000 4000 0.017660
540000 4000 0.017291
530000 4000 0.016911
520000 4000 0.016757
510000 4000 0.016434
500000 4000 0.016099
490000 4000 0.015825
480000 4000 0.015374
470000 4000 0.015131
460000 4000 0.014809
450000 4000 0.014407
440000 4000 0.014169
430000 4000 0.013784
420000 4000 0.013526
410000 4000 0.013186
400000 4000 0.012742
390000 4000 0.012575
380000 4000 0.012318
370000 4000 0.011761
360000 4000 0.011456
350000 4000 0.011309
340000 4000 0.010976
330000 4000 0.010544
320000 4000 0.010224
310000 4000 0.009911
300000 4000 0.009686
290000 4000 0.009337
280000 4000 0.009070
270000 4000 0.008664
260000 4000 0.008386
250000 4000 0.008106
240000 4000 0.007736
230000 4000 0.007449
220000 4000 0.007064
210000 4000 0.006786
200000 4000 0.006479
190000 4000 0.006085
180000 4000 0.005808
170000 4000 0.005453
160000 4000 0.005110
150000 4000 0.004797
140000 4000 0.004472
130000 4000 0.004201
120000 4000 0.003834
110000 4000 0.003506
100000 4000 0.003213
90000 4000 0.002867
80000 4000 0.002588
70000 4000 0.002230
60000 4000 0.001932
50000 4000 0.001605
40000 4000 0.001288
30000 4000 0.000978
20000 4000 0.000647
10000 4000 0.000327
1000000 3000 0.032093
990000 3000 0.031771
980000 3000 0.031546
970000 3000 0.031199
960000 3000 0.030861
950000 3000 0.030649
940000 3000 0.030236
930000 3000 0.029817
920000 3000 0.029419
910000 3000 0.029245
900000 3000 0.028881
890000 3000 0.028666
880000 3000 0.028229
870000 3000 0.028001
860000 3000 0.027479
850000 3000 0.027219
840000 3000 0.027031
830000 3000 0.026595
820000 3000 0.026392
810000 3000 0.025932
800000 3000 0.025659
790000 3000 0.025342
780000 3000 0.025038
770000 3000 0.024623
760000 3000 0.024440
750000 3000 0.024118
740000 3000 0.023680
730000 3000 0.023450
720000 3000 0.022998
710000 3000 0.022789
700000 3000 0.022585
690000 3000 0.022140
680000 3000 0.021905
670000 3000 0.021643
660000 3000 0.021237
650000 3000 0.020944
640000 3000 0.020434
630000 3000 0.020312
620000 3000 0.019806
610000 3000 0.019569
600000 3000 0.019277
590000 3000 0.018948
580000 3000 0.018776
570000 3000 0.018257
560000 3000 0.017949
550000 3000 0.017749
540000 3000 0.017148
530000 3000 0.017064
520000 3000 0.016736
510000 3000 0.016445
500000 3000 0.016048
490000 3000 0.015806
480000 3000 0.015368
470000 3000 0.014991
460000 3000 0.014773
450000 3000 0.014497
440000 3000 0.014123
430000 3000 0.013750
420000 3000 0.013465
410000 3000 0.013186
400000 3000 0.012823
390000 3000 0.012538
380000 3000 0.012186
370000 3000 0.011857
360000 3000 0.011575
350000 3000 0.011256
340000 3000 0.011000
330000 3000 0.010544
320000 3000 0.010223
310000 3000 0.009980
300000 3000 0.009639
290000 3000 0.009284
280000 3000 0.009036
270000 3000 0.008702
260000 3000 0.008375
250000 3000 0.008074
240000 3000 0.007643
230000 3000 0.007422
220000 3000 0.007086
210000 3000 0.006742
200000 3000 0.006442
190000 3000 0.006090
180000 3000 0.005780
170000 3000 0.005487
160000 3000 0.005196
150000 3000 0.004842
140000 3000 0.004514
130000 3000 0.004216
120000 3000 0.003902
110000 3000 0.003542
100000 3000 0.003234
90000 3000 0.002894
80000 3000 0.002543
70000 3000 0.002236
60000 3000 0.001892
50000 3000 0.001593
40000 3000 0.001273
30000 3000 0.000978
20000 3000 0.000645
10000 3000 0.000323
1000000 2000 0.032260
990000 2000 0.031679
980000 2000 0.031542
970000 2000 0.031096
960000 2000 0.030873
950000 2000 0.030353
940000 2000 0.030219
930000 2000 0.029923
920000 2000 0.029657
910000 2000 0.029272
900000 2000 0.029027
890000 2000 0.028604
880000 2000 0.028330
870000 2000 0.027953
860000 2000 0.027539
850000 2000 0.027240
840000 2000 0.026853
830000 2000 0.026698
820000 2000 0.026341
810000 2000 0.026047
800000 2000 0.025846
790000 2000 0.025555
780000 2000 0.025041
770000 2000 0.024710
760000 2000 0.024491
750000 2000 0.024032
740000 2000 0.023746
730000 2000 0.023426
720000 2000 0.023191
710000 2000 0.022874
700000 2000 0.022492
690000 2000 0.022679
680000 2000 0.022053
670000 2000 0.021644
660000 2000 0.021122
650000 2000 0.020873
640000 2000 0.020579
630000 2000 0.020151
620000 2000 0.019951
610000 2000 0.019714
600000 2000 0.019339
590000 2000 0.018983
580000 2000 0.018630
570000 2000 0.018311
560000 2000 0.018048
550000 2000 0.017655
540000 2000 0.017338
530000 2000 0.017088
520000 2000 0.016736
510000 2000 0.016321
500000 2000 0.016046
490000 2000 0.015733
480000 2000 0.015322
470000 2000 0.015056
460000 2000 0.014748
450000 2000 0.014491
440000 2000 0.014230
430000 2000 0.013888
420000 2000 0.013523
410000 2000 0.013114
400000 2000 0.012846
390000 2000 0.012580
380000 2000 0.012280
370000 2000 0.011965
360000 2000 0.011617
350000 2000 0.011278
340000 2000 0.010978
330000 2000 0.010668
320000 2000 0.010368
310000 2000 0.009892
300000 2000 0.009676
290000 2000 0.009275
280000 2000 0.009010
270000 2000 0.008674
260000 2000 0.008368
250000 2000 0.008017
240000 2000 0.007757
230000 2000 0.007379
220000 2000 0.007079
210000 2000 0.006744
200000 2000 0.006460
190000 2000 0.006123
180000 2000 0.005787
170000 2000 0.005444
160000 2000 0.005175
150000 2000 0.004793
140000 2000 0.004484
130000 2000 0.004168
120000 2000 0.003891
110000 2000 0.003530
100000 2000 0.003164
90000 2000 0.002886
80000 2000 0.002593
70000 2000 0.002231
60000 2000 0.001900
50000 2000 0.001629
40000 2000 0.001291
30000 2000 0.000976
20000 2000 0.000654
10000 2000 0.000306
1000000 1000 0.032179
990000 1000 0.031807
980000 1000 0.031361
970000 1000 0.031348
960000 1000 0.030732
950000 1000 0.030689
940000 1000 0.030154
930000 1000 0.029946
920000 1000 0.029607
910000 1000 0.029212
900000 1000 0.029037
890000 1000 0.028488
880000 1000 0.028225
870000 1000 0.028052
860000 1000 0.027755
850000 1000 0.027391
840000 1000 0.026940
830000 1000 0.026803
820000 1000 0.026367
810000 1000 0.026015
800000 1000 0.025574
790000 1000 0.025453
780000 1000 0.025152
770000 1000 0.024674
760000 1000 0.024421
750000 1000 0.024139
740000 1000 0.023740
730000 1000 0.023500
720000 1000 0.022988
710000 1000 0.022803
700000 1000 0.022548
690000 1000 0.022184
680000 1000 0.021890
670000 1000 0.021361
660000 1000 0.021171
650000 1000 0.020842
640000 1000 0.020606
630000 1000 0.020270
620000 1000 0.019916
610000 1000 0.019617
600000 1000 0.019338
590000 1000 0.018986
580000 1000 0.018776
570000 1000 0.018245
560000 1000 0.018051
550000 1000 0.017672
540000 1000 0.017306
530000 1000 0.017145
520000 1000 0.016781
510000 1000 0.016343
500000 1000 0.016127
490000 1000 0.015871
480000 1000 0.015503
470000 1000 0.015179
460000 1000 0.014856
450000 1000 0.014560
440000 1000 0.014225
430000 1000 0.013837
420000 1000 0.013590
410000 1000 0.013107
400000 1000 0.012897
390000 1000 0.012554
380000 1000 0.012173
370000 1000 0.011973
360000 1000 0.011490
350000 1000 0.011171
340000 1000 0.010997
330000 1000 0.010631
320000 1000 0.010344
310000 1000 0.009974
300000 1000 0.009626
290000 1000 0.009415
280000 1000 0.008994
270000 1000 0.008644
260000 1000 0.008383
250000 1000 0.008056
240000 1000 0.007711
230000 1000 0.007440
220000 1000 0.007073
210000 1000 0.006734
200000 1000 0.006455
190000 1000 0.006069
180000 1000 0.005809
170000 1000 0.005508
160000 1000 0.005171
150000 1000 0.004874
140000 1000 0.004521
130000 1000 0.004189
120000 1000 0.003900
110000 1000 0.003545
100000 1000 0.003244
90000 1000 0.002915
80000 1000 0.002537
70000 1000 0.002231
60000 1000 0.001922
50000 1000 0.001618
40000 1000 0.001293
30000 1000 0.000980
20000 1000 0.000657
10000 1000 0.000320
