32 1024 0.006933
32 924 0.004820
32 824 0.004283
32 724 0.003761
32 624 0.003225
32 524 0.002730
32 424 0.002193
32 324 0.001680
32 224 0.001184
32 124 0.000640
32 24 0.000126
29 1024 0.005321
29 924 0.004799
29 824 0.004273
29 724 0.003744
29 624 0.003241
29 524 0.002728
29 424 0.002194
29 324 0.001673
29 224 0.001183
29 124 0.000639
29 24 0.000126
26 1024 0.005327
26 924 0.004792
26 824 0.004271
26 724 0.003748
26 624 0.003242
26 524 0.002706
26 424 0.002217
26 324 0.001673
26 224 0.001169
26 124 0.000654
26 24 0.000130
23 1024 0.005316
23 924 0.004784
23 824 0.004266
23 724 0.003753
23 624 0.003247
23 524 0.002707
23 424 0.002220
23 324 0.001677
23 224 0.001169
23 124 0.000639
23 24 0.000126
20 1024 0.005314
20 924 0.004785
20 824 0.004280
20 724 0.003752
20 624 0.003247
20 524 0.002715
20 424 0.002214
20 324 0.001698
20 224 0.001163
20 124 0.000649
20 24 0.000128
17 1024 0.005324
17 924 0.004791
17 824 0.004297
17 724 0.003760
17 624 0.003232
17 524 0.002720
17 424 0.002200
17 324 0.001688
17 224 0.001165
17 124 0.000649
17 24 0.000131
14 1024 0.005319
14 924 0.004812
14 824 0.004284
14 724 0.003754
14 624 0.003243
14 524 0.002724
14 424 0.002201
14 324 0.001687
14 224 0.001166
14 124 0.000650
14 24 0.000126
11 1024 0.005317
11 924 0.004793
11 824 0.004339
11 724 0.003741
11 624 0.003246
11 524 0.002722
11 424 0.002202
11 324 0.001674
11 224 0.001185
11 124 0.000639
11 24 0.000125
8 1024 0.005314
8 924 0.004801
8 824 0.004280
8 724 0.003739
8 624 0.003248
8 524 0.002715
8 424 0.002221
8 324 0.001673
8 224 0.001164
8 124 0.000663
8 24 0.000130
5 1024 0.005317
5 924 0.004785
5 824 0.004269
5 724 0.003761
5 624 0.003250
5 524 0.002706
5 424 0.002217
5 324 0.001673
5 224 0.001161
5 124 0.000649
5 24 0.000126
2 1024 0.005315
2 924 0.004784
2 824 0.004281
2 724 0.003755
2 624 0.003245
2 524 0.002705
2 424 0.002210
2 324 0.001682
2 224 0.001161
2 124 0.000648
2 24 0.000126
