50 32 0.004385
50 31 0.004368
50 30 0.004373
50 29 0.004384
50 28 0.004374
50 27 0.004370
50 26 0.005140
50 25 0.004383
50 24 0.006178
50 23 0.004405
50 22 0.004390
50 21 0.006182
50 20 0.004367
50 19 0.004388
50 18 0.004360
50 17 0.004374
50 16 0.004351
50 15 0.004383
50 14 0.004381
50 13 0.004381
50 12 0.004445
50 11 0.004382
50 10 0.004390
50 9 0.004383
50 8 0.004382
50 7 0.004378
50 6 0.004388
50 5 0.004400
50 4 0.004388
50 3 0.004384
50 2 0.004388
50 1 0.004382
48 32 0.004390
48 31 0.004388
48 30 0.004386
48 29 0.004389
48 28 0.004384
48 27 0.004383
48 26 0.004391
48 25 0.004384
48 24 0.004387
48 23 0.004383
48 22 0.004384
48 21 0.004387
48 20 0.004385
48 19 0.004391
48 18 0.004384
48 17 0.004368
48 16 0.004381
48 15 0.004384
48 14 0.004373
48 13 0.004385
48 12 0.004358
48 11 0.004393
48 10 0.004386
48 9 0.004386
48 8 0.004370
48 7 0.004369
48 6 0.004393
48 5 0.004384
48 4 0.004385
48 3 0.004388
48 2 0.004383
48 1 0.004381
46 32 0.004392
46 31 0.004392
46 30 0.004394
46 29 0.004385
46 28 0.004383
46 27 0.004386
46 26 0.004384
46 25 0.004389
46 24 0.004384
46 23 0.004366
46 22 0.004389
46 21 0.004383
46 20 0.004383
46 19 0.004388
46 18 0.004384
46 17 0.004389
46 16 0.004384
46 15 0.004384
46 14 0.004359
46 13 0.004384
46 12 0.004389
46 11 0.004386
46 10 0.004384
46 9 0.004382
46 8 0.004358
46 7 0.004383
46 6 0.004389
46 5 0.004385
46 4 0.004385
46 3 0.004352
46 2 0.004384
46 1 0.004388
44 32 0.004365
44 31 0.004389
44 30 0.004381
44 29 0.004379
44 28 0.004393
44 27 0.004387
44 26 0.004356
44 25 0.004391
44 24 0.004390
44 23 0.004398
44 22 0.004392
44 21 0.004357
44 20 0.004394
44 19 0.004391
44 18 0.004391
44 17 0.004384
44 16 0.004338
44 15 0.004359
44 14 0.004383
44 13 0.004384
44 12 0.004388
44 11 0.004371
44 10 0.004379
44 9 0.004382
44 8 0.004384
44 7 0.004388
44 6 0.004434
44 5 0.004407
44 4 0.004385
44 3 0.004381
44 2 0.004388
44 1 0.004362
42 32 0.004389
42 31 0.004394
42 30 0.004390
42 29 0.004370
42 28 0.004357
42 27 0.004384
42 26 0.004386
42 25 0.004383
42 24 0.004402
42 23 0.004387
42 22 0.004638
42 21 0.004418
42 20 0.004357
42 19 0.004393
42 18 0.004383
42 17 0.004384
42 16 0.004388
42 15 0.004398
42 14 0.004367
42 13 0.004383
42 12 0.004383
42 11 0.004390
42 10 0.004608
42 9 0.004419
42 8 0.004387
42 7 0.004391
42 6 0.004351
42 5 0.004582
42 4 0.004402
42 3 0.004386
42 2 0.004385
42 1 0.004384
40 32 0.004390
40 31 0.004353
40 30 0.004382
40 29 0.004385
40 28 0.004383
40 27 0.004386
40 26 0.004391
40 25 0.004385
40 24 0.004394
40 23 0.004367
40 22 0.004386
40 21 0.004399
40 20 0.004370
40 19 0.004384
40 18 0.004376
40 17 0.004386
40 16 0.004391
40 15 0.004371
40 14 0.004384
40 13 0.004380
40 12 0.004384
40 11 0.004390
40 10 0.004383
40 9 0.004357
40 8 0.004384
40 7 0.004383
40 6 0.004385
40 5 0.004384
40 4 0.004359
40 3 0.004398
40 2 0.004393
40 1 0.004362
38 32 0.004381
38 31 0.004384
38 30 0.004386
38 29 0.004387
38 28 0.004390
38 27 0.004390
38 26 0.004379
38 25 0.004377
38 24 0.004394
38 23 0.004355
38 22 0.004359
38 21 0.004383
38 20 0.004384
38 19 0.004388
38 18 0.004384
38 17 0.004387
38 16 0.004381
38 15 0.004383
38 14 0.004370
38 13 0.004350
38 12 0.004385
38 11 0.004395
38 10 0.004386
38 9 0.004370
38 8 0.004384
38 7 0.004384
38 6 0.004393
38 5 0.004386
38 4 0.004350
38 3 0.004390
38 2 0.004385
38 1 0.004388
36 32 0.004384
36 31 0.004382
36 30 0.004355
36 29 0.004385
36 28 0.004398
36 27 0.004368
36 26 0.004364
36 25 0.004388
36 24 0.004384
36 23 0.004383
36 22 0.004390
36 21 0.004367
36 20 0.004396
36 19 0.004384
36 18 0.004370
36 17 0.004369
36 16 0.004383
36 15 0.004376
36 14 0.004391
36 13 0.004383
36 12 0.004357
36 11 0.004350
36 10 0.004385
36 9 0.004395
36 8 0.004390
36 7 0.004359
36 6 0.004390
36 5 0.004384
36 4 0.004385
36 3 0.004382
36 2 0.004357
36 1 0.004387
34 32 0.004383
34 31 0.004379
34 30 0.004330
34 29 0.004383
34 28 0.004404
34 27 0.004386
34 26 0.004384
34 25 0.004355
34 24 0.004382
34 23 0.004366
34 22 0.004382
34 21 0.004384
34 20 0.004364
34 19 0.004372
34 18 0.004381
34 17 0.004387
34 16 0.004376
34 15 0.004388
34 14 0.004385
34 13 0.004383
34 12 0.004389
34 11 0.004383
34 10 0.004393
34 9 0.004372
34 8 0.004360
34 7 0.004368
34 6 0.004382
34 5 0.004383
34 4 0.004388
34 3 0.004383
34 2 0.004390
34 1 0.004384
32 32 0.004383
32 31 0.004391
32 30 0.004382
32 29 0.004389
32 28 0.004383
32 27 0.004387
32 26 0.004391
32 25 0.004366
32 24 0.004382
32 23 0.004390
32 22 0.004386
32 21 0.004390
32 20 0.004388
32 19 0.004384
32 18 0.004388
32 17 0.004375
32 16 0.004379
32 15 0.004382
32 14 0.004384
32 13 0.004364
32 12 0.004384
32 11 0.004375
32 10 0.004387
32 9 0.004383
32 8 0.004388
32 7 0.004387
32 6 0.004386
32 5 0.004398
32 4 0.004389
32 3 0.004391
32 2 0.004388
32 1 0.004382
30 32 0.004360
30 31 0.004384
30 30 0.004383
30 29 0.004389
30 28 0.004383
30 27 0.004388
30 26 0.004384
30 25 0.004385
30 24 0.004389
30 23 0.004382
30 22 0.004389
30 21 0.004383
30 20 0.004356
30 19 0.004389
30 18 0.004385
30 17 0.004387
30 16 0.004393
30 15 0.004382
30 14 0.004389
30 13 0.004388
30 12 0.004389
30 11 0.004392
30 10 0.004346
30 9 0.004391
30 8 0.004385
30 7 0.004385
30 6 0.004393
30 5 0.004391
30 4 0.004385
30 3 0.004391
30 2 0.004415
30 1 0.004390
28 32 0.004385
28 31 0.004382
28 30 0.004387
28 29 0.004383
28 28 0.004389
28 27 0.004381
28 26 0.004413
28 25 0.004391
28 24 0.004383
28 23 0.004392
28 22 0.004387
28 21 0.004385
28 20 0.004387
28 19 0.004385
28 18 0.004388
28 17 0.004379
28 16 0.004372
28 15 0.004383
28 14 0.004382
28 13 0.004385
28 12 0.004389
28 11 0.004386
28 10 0.004407
28 9 0.004385
28 8 0.004385
28 7 0.004393
28 6 0.004388
28 5 0.004390
28 4 0.004376
28 3 0.004386
28 2 0.004386
28 1 0.004383
26 32 0.004384
26 31 0.004387
26 30 0.004383
26 29 0.004355
26 28 0.004382
26 27 0.004382
26 26 0.004354
26 25 0.004382
26 24 0.004389
26 23 0.004384
26 22 0.004382
26 21 0.004391
26 20 0.004401
26 19 0.004395
26 18 0.004391
26 17 0.004365
26 16 0.004364
26 15 0.004363
26 14 0.004390
26 13 0.004377
26 12 0.004383
26 11 0.004394
26 10 0.004383
26 9 0.004382
26 8 0.004389
26 7 0.004382
26 6 0.004385
26 5 0.004381
26 4 0.004383
26 3 0.004355
26 2 0.004382
26 1 0.004384
24 32 0.004373
24 31 0.004387
24 30 0.004387
24 29 0.004391
24 28 0.004383
24 27 0.004371
24 26 0.004383
24 25 0.004384
24 24 0.004357
24 23 0.004383
24 22 0.004325
24 21 0.003759
24 20 0.003760
24 19 0.003603
24 18 0.003284
24 17 0.003282
24 16 0.003447
24 15 0.003284
24 14 0.003277
24 13 0.003263
24 12 0.002892
24 11 0.002919
24 10 0.003084
24 9 0.002613
24 8 0.002629
24 7 0.002626
24 6 0.002756
24 5 0.002388
24 4 0.002390
24 3 0.002386
24 2 0.002392
24 1 0.002298
22 32 0.002096
22 31 0.002108
22 30 0.002089
22 29 0.002101
22 28 0.002100
22 27 0.002101
22 26 0.002102
22 25 0.002100
22 24 0.002101
22 23 0.002102
22 22 0.002100
22 21 0.002100
22 20 0.002100
22 19 0.002100
22 18 0.002100
22 17 0.002100
22 16 0.002103
22 15 0.002101
22 14 0.002099
22 13 0.002102
22 12 0.002098
22 11 0.002092
22 10 0.002100
22 9 0.002101
22 8 0.002101
22 7 0.002100
22 6 0.002102
22 5 0.002099
22 4 0.002100
22 3 0.002100
22 2 0.002099
22 1 0.002099
20 32 0.002100
20 31 0.002099
20 30 0.002101
20 29 0.002066
20 28 0.002092
20 27 0.002099
20 26 0.002079
20 25 0.002099
20 24 0.002100
20 23 0.002101
20 22 0.002100
20 21 0.002100
20 20 0.002101
20 19 0.002100
20 18 0.002100
20 17 0.002093
20 16 0.002100
20 15 0.002085
20 14 0.002099
20 13 0.002125
20 12 0.002125
20 11 0.002104
20 10 0.002101
20 9 0.002104
20 8 0.002112
20 7 0.002116
20 6 0.002118
20 5 0.002153
20 4 0.002126
20 3 0.002118
20 2 0.002123
20 1 0.002131
18 32 0.002119
18 31 0.002119
18 30 0.002119
18 29 0.002127
18 28 0.002117
18 27 0.002117
18 26 0.002122
18 25 0.002100
18 24 0.002104
18 23 0.002107
18 22 0.002102
18 21 0.002102
18 20 0.002101
18 19 0.002100
18 18 0.002100
18 17 0.002100
18 16 0.002100
18 15 0.002100
18 14 0.002103
18 13 0.002100
18 12 0.002099
18 11 0.002100
18 10 0.002102
18 9 0.002105
18 8 0.002102
18 7 0.002105
18 6 0.002102
18 5 0.002103
18 4 0.002102
18 3 0.002100
18 2 0.002099
18 1 0.002101
16 32 0.002099
16 31 0.002100
16 30 0.002095
16 29 0.002075
16 28 0.002103
16 27 0.002100
16 26 0.002115
16 25 0.002097
16 24 0.002105
16 23 0.002102
16 22 0.002104
16 21 0.002085
16 20 0.002101
16 19 0.002102
16 18 0.002100
16 17 0.002100
16 16 0.002104
16 15 0.002100
16 14 0.002100
16 13 0.002101
16 12 0.002100
16 11 0.002100
16 10 0.002100
16 9 0.002099
16 8 0.002101
16 7 0.002100
16 6 0.002093
16 5 0.002100
16 4 0.002099
16 3 0.002101
16 2 0.002052
16 1 0.002095
14 32 0.002099
14 31 0.002065
14 30 0.002101
14 29 0.002099
14 28 0.002100
14 27 0.002102
14 26 0.002100
14 25 0.002099
14 24 0.002101
14 23 0.002100
14 22 0.002100
14 21 0.002099
14 20 0.002101
14 19 0.002099
14 18 0.002101
14 17 0.002105
14 16 0.002102
14 15 0.002110
14 14 0.002101
14 13 0.002101
14 12 0.002099
14 11 0.002099
14 10 0.002100
14 9 0.002099
14 8 0.002099
14 7 0.002102
14 6 0.002100
14 5 0.002100
14 4 0.002099
14 3 0.002099
14 2 0.002101
14 1 0.002105
12 32 0.002117
12 31 0.002102
12 30 0.002081
12 29 0.002106
12 28 0.002101
12 27 0.002103
12 26 0.002078
12 25 0.002104
12 24 0.002101
12 23 0.002101
12 22 0.002100
12 21 0.002101
12 20 0.002101
12 19 0.002098
12 18 0.002100
12 17 0.002100
12 16 0.002100
12 15 0.002100
12 14 0.002099
12 13 0.002099
12 12 0.002100
12 11 0.002099
12 10 0.002104
12 9 0.002099
12 8 0.002087
12 7 0.002098
12 6 0.002100
12 5 0.002099
12 4 0.002099
12 3 0.002099
12 2 0.002100
12 1 0.002099
10 32 0.002103
10 31 0.002099
10 30 0.002101
10 29 0.002099
10 28 0.002100
10 27 0.002100
10 26 0.002098
10 25 0.002099
10 24 0.002065
10 23 0.002099
10 22 0.002099
10 21 0.002102
10 20 0.002099
10 19 0.002099
10 18 0.002100
10 17 0.002100
10 16 0.002100
10 15 0.002101
10 14 0.002078
10 13 0.002099
10 12 0.002099
10 11 0.002102
10 10 0.002100
10 9 0.002103
10 8 0.002101
10 7 0.002088
10 6 0.002101
10 5 0.002100
10 4 0.002101
10 3 0.002104
10 2 0.002100
10 1 0.002106
8 32 0.002103
8 31 0.002102
8 30 0.002101
8 29 0.002101
8 28 0.002100
8 27 0.002100
8 26 0.002104
8 25 0.002102
8 24 0.002101
8 23 0.002103
8 22 0.002100
8 21 0.002101
8 20 0.002101
8 19 0.002103
8 18 0.002099
8 17 0.002099
8 16 0.002079
8 15 0.002118
8 14 0.002113
8 13 0.002101
8 12 0.002100
8 11 0.002100
8 10 0.002099
8 9 0.002099
8 8 0.002100
8 7 0.002075
8 6 0.002099
8 5 0.002100
8 4 0.002099
8 3 0.002102
8 2 0.002100
8 1 0.002099
6 32 0.002100
6 31 0.002100
6 30 0.002101
6 29 0.002100
6 28 0.002100
6 27 0.002099
6 26 0.002065
6 25 0.002089
6 24 0.002098
6 23 0.002099
6 22 0.002100
6 21 0.002100
6 20 0.002100
6 19 0.002101
6 18 0.002100
6 17 0.002095
6 16 0.002099
6 15 0.002101
6 14 0.002066
6 13 0.002100
6 12 0.002099
6 11 0.002099
6 10 0.002099
6 9 0.002112
6 8 0.002100
6 7 0.002100
6 6 0.002099
6 5 0.002104
6 4 0.002095
6 3 0.002101
6 2 0.002099
6 1 0.002129
4 32 0.002104
4 31 0.002104
4 30 0.002110
4 29 0.002102
4 28 0.002101
4 27 0.002105
4 26 0.002104
4 25 0.002101
4 24 0.002094
4 23 0.002101
4 22 0.002102
4 21 0.002100
4 20 0.002102
4 19 0.002104
4 18 0.002112
4 17 0.002090
4 16 0.002099
4 15 0.002099
4 14 0.002100
4 13 0.002099
4 12 0.002100
4 11 0.002100
4 10 0.002172
4 9 0.002099
4 8 0.002087
4 7 0.002065
4 6 0.002101
4 5 0.002101
4 4 0.002099
4 3 0.002086
4 2 0.002079
4 1 0.002099
2 32 0.002191
2 31 0.002111
2 30 0.002104
2 29 0.002102
2 28 0.002101
2 27 0.002101
2 26 0.002099
2 25 0.002101
2 24 0.002066
2 23 0.002099
2 22 0.002101
2 21 0.002099
2 20 0.002102
2 19 0.002099
2 18 0.002099
2 17 0.002101
2 16 0.002099
2 15 0.002100
2 14 0.002099
2 13 0.002100
2 12 0.002100
2 11 0.002099
2 10 0.002104
2 9 0.002098
2 8 0.002100
2 7 0.002205
2 6 0.002106
2 5 0.002111
2 4 0.002099
2 3 0.002099
2 2 0.002103
2 1 0.002099
