32 100 0.045201
31 100 0.044736
30 100 0.045460
29 100 0.045228
28 100 0.045172
27 100 0.045549
26 100 0.044908
25 100 0.045144
24 100 0.044837
23 100 0.044452
22 100 0.045137
21 100 0.045120
20 100 0.044856
19 100 0.045172
18 100 0.045580
17 100 0.045308
16 100 0.045406
15 100 0.045372
14 100 0.044892
13 100 0.045207
12 100 0.045127
11 100 0.045003
10 100 0.045244
9 100 0.045080
8 100 0.045290
7 100 0.045186
6 100 0.045340
5 100 0.044994
4 100 0.045386
3 100 0.044970
2 100 0.044625
1 100 0.044783
32 96 0.044861
31 96 0.045164
30 96 0.044997
29 96 0.044844
28 96 0.044992
27 96 0.045538
26 96 0.045357
25 96 0.045516
24 96 0.045026
23 96 0.044783
22 96 0.044791
21 96 0.045068
20 96 0.045014
19 96 0.045233
18 96 0.044259
17 96 0.033349
16 96 0.025422
15 96 0.021394
14 96 0.021620
13 96 0.021390
12 96 0.021842
11 96 0.021808
10 96 0.021648
9 96 0.021810
8 96 0.021640
7 96 0.021677
6 96 0.021287
5 96 0.021296
4 96 0.021430
3 96 0.021472
2 96 0.021378
1 96 0.021568
32 92 0.021657
31 92 0.021385
30 92 0.021707
29 92 0.021494
28 92 0.021521
27 92 0.021223
26 92 0.021459
25 92 0.021411
24 92 0.021575
23 92 0.021366
22 92 0.021466
21 92 0.021278
20 92 0.021514
19 92 0.021622
18 92 0.021662
17 92 0.021460
16 92 0.021155
15 92 0.021453
14 92 0.021740
13 92 0.021562
12 92 0.021735
11 92 0.021818
10 92 0.021529
9 92 0.021629
8 92 0.021345
7 92 0.021281
6 92 0.021566
5 92 0.021338
4 92 0.021511
3 92 0.021541
2 92 0.021524
1 92 0.021320
32 88 0.021441
31 88 0.021480
30 88 0.021535
29 88 0.021337
28 88 0.021638
27 88 0.021517
26 88 0.021460
25 88 0.021324
24 88 0.021876
23 88 0.021753
22 88 0.021661
21 88 0.021660
20 88 0.021167
19 88 0.021645
18 88 0.021428
17 88 0.021480
16 88 0.021401
15 88 0.021687
14 88 0.021509
13 88 0.021850
12 88 0.021176
11 88 0.021685
10 88 0.021592
9 88 0.021586
8 88 0.021356
7 88 0.021457
6 88 0.021395
5 88 0.021309
4 88 0.021551
3 88 0.021701
2 88 0.021353
1 88 0.021296
32 84 0.021867
31 84 0.021395
30 84 0.021379
29 84 0.021573
28 84 0.021665
27 84 0.021148
26 84 0.021202
25 84 0.021591
24 84 0.021473
23 84 0.021700
22 84 0.021406
21 84 0.021509
20 84 0.021476
19 84 0.021432
18 84 0.021400
17 84 0.021803
16 84 0.021394
15 84 0.021459
14 84 0.021709
13 84 0.021866
12 84 0.021244
11 84 0.021664
10 84 0.021692
9 84 0.021553
8 84 0.021438
7 84 0.021615
6 84 0.021429
5 84 0.021569
4 84 0.021810
3 84 0.021611
2 84 0.021675
1 84 0.021348
32 80 0.021743
31 80 0.021568
30 80 0.021428
29 80 0.021284
28 80 0.021386
27 80 0.021446
26 80 0.021548
25 80 0.021426
24 80 0.021693
23 80 0.021624
22 80 0.021967
21 80 0.021680
20 80 0.021660
19 80 0.021478
18 80 0.021438
17 80 0.021549
16 80 0.021683
15 80 0.021759
14 80 0.021577
13 80 0.021930
12 80 0.021933
11 80 0.021862
10 80 0.021961
9 80 0.021294
8 80 0.021840
7 80 0.021693
6 80 0.021727
5 80 0.021697
4 80 0.021484
3 80 0.021725
2 80 0.021647
1 80 0.021722
32 76 0.021738
31 76 0.021717
30 76 0.021749
29 76 0.021588
28 76 0.021715
27 76 0.022033
26 76 0.021731
25 76 0.021762
24 76 0.021654
23 76 0.021811
22 76 0.021500
21 76 0.021623
20 76 0.021987
19 76 0.021387
18 76 0.021656
17 76 0.021494
16 76 0.021812
15 76 0.021723
14 76 0.021922
13 76 0.021707
12 76 0.021909
11 76 0.021774
10 76 0.021941
9 76 0.021948
8 76 0.021463
7 76 0.021546
6 76 0.021691
5 76 0.021945
4 76 0.021822
3 76 0.021922
2 76 0.021653
1 76 0.021472
32 72 0.021480
31 72 0.021754
30 72 0.021873
29 72 0.021649
28 72 0.021812
27 72 0.021691
26 72 0.021939
25 72 0.021728
24 72 0.021470
23 72 0.021796
22 72 0.021883
21 72 0.021671
20 72 0.021924
19 72 0.021545
18 72 0.021532
17 72 0.021335
16 72 0.021544
15 72 0.021534
14 72 0.021593
13 72 0.021413
12 72 0.021649
11 72 0.021475
10 72 0.021645
9 72 0.021578
8 72 0.021564
7 72 0.021571
6 72 0.021349
5 72 0.021696
4 72 0.021662
3 72 0.021609
2 72 0.021754
1 72 0.021667
32 68 0.021227
31 68 0.021424
30 68 0.021461
29 68 0.021546
28 68 0.021557
27 68 0.021581
26 68 0.021548
25 68 0.021727
24 68 0.021282
23 68 0.021702
22 68 0.021595
21 68 0.021309
20 68 0.021910
19 68 0.021630
18 68 0.021586
17 68 0.021721
16 68 0.021783
15 68 0.021495
14 68 0.021909
13 68 0.021597
12 68 0.021697
11 68 0.021660
10 68 0.021857
9 68 0.021286
8 68 0.021620
7 68 0.021713
6 68 0.021560
5 68 0.021714
4 68 0.021569
3 68 0.021556
2 68 0.021691
1 68 0.021716
32 64 0.021348
31 64 0.021438
30 64 0.021421
29 64 0.021600
28 64 0.021191
27 64 0.021457
26 64 0.021535
25 64 0.021513
24 64 0.021407
23 64 0.021793
22 64 0.021480
21 64 0.021677
20 64 0.021794
19 64 0.021024
18 64 0.021565
17 64 0.021307
16 64 0.021462
15 64 0.021492
14 64 0.021457
13 64 0.021264
12 64 0.021665
11 64 0.021556
10 64 0.021532
9 64 0.021650
8 64 0.021435
7 64 0.021518
6 64 0.021372
5 64 0.021348
4 64 0.021476
3 64 0.021581
2 64 0.021726
1 64 0.021431
32 60 0.021622
31 60 0.021539
30 60 0.021249
29 60 0.021319
28 60 0.021628
27 60 0.021852
26 60 0.021837
25 60 0.021454
24 60 0.021843
23 60 0.021510
22 60 0.021509
21 60 0.021677
20 60 0.021616
19 60 0.021796
18 60 0.021457
17 60 0.021541
16 60 0.021458
15 60 0.021463
14 60 0.021454
13 60 0.021747
12 60 0.021629
11 60 0.021867
10 60 0.021618
9 60 0.021644
8 60 0.021627
7 60 0.021115
6 60 0.021659
5 60 0.021579
4 60 0.021789
3 60 0.021526
2 60 0.021505
1 60 0.021708
32 56 0.021598
31 56 0.021401
30 56 0.021664
29 56 0.021822
28 56 0.021490
27 56 0.021173
26 56 0.021386
25 56 0.021492
24 56 0.021640
23 56 0.021410
22 56 0.021673
21 56 0.021578
20 56 0.021311
19 56 0.021589
18 56 0.021364
17 56 0.021438
16 56 0.021561
15 56 0.021615
14 56 0.021611
13 56 0.021666
12 56 0.021609
11 56 0.021684
10 56 0.021716
9 56 0.021336
8 56 0.021314
7 56 0.021646
6 56 0.021762
5 56 0.021519
4 56 0.021828
3 56 0.021557
2 56 0.021548
1 56 0.021940
32 52 0.021641
31 52 0.021536
30 52 0.021820
29 52 0.021788
28 52 0.021231
27 52 0.021598
26 52 0.021288
25 52 0.021869
24 52 0.021468
23 52 0.021412
22 52 0.021461
21 52 0.021594
20 52 0.021593
19 52 0.021670
18 52 0.021870
17 52 0.021711
16 52 0.021877
15 52 0.021442
14 52 0.021730
13 52 0.021872
12 52 0.021349
11 52 0.021570
10 52 0.021490
9 52 0.021382
8 52 0.021361
7 52 0.021417
6 52 0.021497
5 52 0.021448
4 52 0.021669
3 52 0.021306
2 52 0.021761
1 52 0.021538
32 48 0.021230
31 48 0.021318
30 48 0.021378
29 48 0.021410
28 48 0.021517
27 48 0.021491
26 48 0.021507
25 48 0.021827
24 48 0.021342
23 48 0.021729
22 48 0.021471
21 48 0.021325
20 48 0.021522
19 48 0.021505
18 48 0.021748
17 48 0.021797
16 48 0.021651
15 48 0.021538
14 48 0.021334
13 48 0.021467
12 48 0.021690
11 48 0.020952
10 48 0.021426
9 48 0.021550
8 48 0.021550
7 48 0.021512
6 48 0.021742
5 48 0.021406
4 48 0.021894
3 48 0.021769
2 48 0.021547
1 48 0.021512
32 44 0.021416
31 44 0.021517
30 44 0.021664
29 44 0.021674
28 44 0.021937
27 44 0.021407
26 44 0.021807
25 44 0.021391
24 44 0.021556
23 44 0.021536
22 44 0.021301
21 44 0.021233
20 44 0.021581
19 44 0.021311
18 44 0.021494
17 44 0.021733
16 44 0.021354
15 44 0.021525
14 44 0.021489
13 44 0.021698
12 44 0.021552
11 44 0.021310
10 44 0.021393
9 44 0.021755
8 44 0.021561
7 44 0.021722
6 44 0.021748
5 44 0.021320
4 44 0.021311
3 44 0.021635
2 44 0.021499
1 44 0.021389
32 40 0.021496
31 40 0.021370
30 40 0.021300
29 40 0.021754
28 40 0.021643
27 40 0.021629
26 40 0.021501
25 40 0.021799
24 40 0.021531
23 40 0.021327
22 40 0.021523
21 40 0.021602
20 40 0.021646
19 40 0.021503
18 40 0.021484
17 40 0.021458
16 40 0.021607
15 40 0.021604
14 40 0.021570
13 40 0.023257
12 40 0.021660
11 40 0.021481
10 40 0.022050
9 40 0.021331
8 40 0.021718
7 40 0.021486
6 40 0.021627
5 40 0.021472
4 40 0.021536
3 40 0.021555
2 40 0.021438
1 40 0.021402
32 36 0.021709
31 36 0.021448
30 36 0.021598
29 36 0.021556
28 36 0.021399
27 36 0.021446
26 36 0.021526
25 36 0.021657
24 36 0.021771
23 36 0.021658
22 36 0.021935
21 36 0.021313
20 36 0.021613
19 36 0.021489
18 36 0.021402
17 36 0.021635
16 36 0.021586
15 36 0.021524
14 36 0.021006
13 36 0.021399
12 36 0.021899
11 36 0.021892
10 36 0.021400
9 36 0.021343
8 36 0.021584
7 36 0.021724
6 36 0.021477
5 36 0.021648
4 36 0.021763
3 36 0.021392
2 36 0.021596
1 36 0.021549
32 32 0.021746
31 32 0.021495
30 32 0.021456
29 32 0.021498
28 32 0.021845
27 32 0.021808
26 32 0.021731
25 32 0.021446
24 32 0.021476
23 32 0.021679
22 32 0.021697
21 32 0.021545
20 32 0.021301
19 32 0.021708
18 32 0.021863
17 32 0.021634
16 32 0.021563
15 32 0.021493
14 32 0.021241
13 32 0.021436
12 32 0.021697
11 32 0.021590
10 32 0.021755
9 32 0.021502
8 32 0.021293
7 32 0.021736
6 32 0.021632
5 32 0.021405
4 32 0.021647
3 32 0.021645
2 32 0.021597
1 32 0.021502
