31 10000 0.158011
31 9600 0.156934
31 9200 0.156749
31 8800 0.156678
31 8400 0.156795
31 8000 0.156836
31 7600 0.156824
31 7200 0.157000
31 6800 0.156585
31 6400 0.156615
31 6000 0.156715
31 5600 0.147669
31 5200 0.142295
31 4800 0.142366
31 4400 0.142356
31 4000 0.142036
31 3600 0.142298
31 3200 0.142148
31 2800 0.142290
31 2400 0.145785
31 2000 0.142274
31 1600 0.142381
31 1200 0.142223
29 10000 0.142459
29 9600 0.141925
29 9200 0.132969
29 8800 0.124811
29 8400 0.124814
29 8000 0.124956
29 7600 0.125015
29 7200 0.124908
29 6800 0.124784
29 6400 0.124853
29 6000 0.124829
29 5600 0.124972
29 5200 0.124845
29 4800 0.124741
29 4400 0.124947
29 4000 0.124923
29 3600 0.124973
29 3200 0.124805
29 2800 0.124869
29 2400 0.125037
29 2000 0.124718
29 1600 0.124884
29 1200 0.125350
27 10000 0.125324
27 9600 0.125121
27 9200 0.125205
27 8800 0.125087
27 8400 0.124916
27 8000 0.125069
27 7600 0.125070
27 7200 0.125189
27 6800 0.124929
27 6400 0.125184
27 6000 0.125100
27 5600 0.125249
27 5200 0.125055
27 4800 0.125109
27 4400 0.125060
27 4000 0.125308
27 3600 0.125143
27 3200 0.125279
27 2800 0.125368
27 2400 0.124944
27 2000 0.124803
27 1600 0.124867
27 1200 0.124910
25 10000 0.125194
25 9600 0.125214
25 9200 0.125176
25 8800 0.125100
25 8400 0.124952
25 8000 0.125017
25 7600 0.125120
25 7200 0.125211
25 6800 0.125066
25 6400 0.125173
25 6000 0.125201
25 5600 0.125019
25 5200 0.125189
25 4800 0.125123
25 4400 0.125163
25 4000 0.125279
25 3600 0.125088
25 3200 0.125282
25 2800 0.125191
25 2400 0.125018
25 2000 0.124966
25 1600 0.125053
25 1200 0.125219
23 10000 0.125147
23 9600 0.125158
23 9200 0.125077
23 8800 0.125075
23 8400 0.125164
23 8000 0.125111
23 7600 0.125193
23 7200 0.125316
23 6800 0.125174
23 6400 0.125124
23 6000 0.125064
23 5600 0.125226
23 5200 0.124822
23 4800 0.125092
23 4400 0.125103
23 4000 0.125101
23 3600 0.125077
23 3200 0.125009
23 2800 0.124906
23 2400 0.125175
23 2000 0.125182
23 1600 0.125152
23 1200 0.125318
21 10000 0.125342
21 9600 0.125214
21 9200 0.125358
21 8800 0.125389
21 8400 0.125251
21 8000 0.125178
21 7600 0.125216
21 7200 0.125096
21 6800 0.124759
21 6400 0.125153
21 6000 0.125175
21 5600 0.125265
21 5200 0.125340
21 4800 0.125021
21 4400 0.125242
21 4000 0.125152
21 3600 0.125161
21 3200 0.125325
21 2800 0.124890
21 2400 0.125264
21 2000 0.125470
21 1600 0.125183
21 1200 0.125371
19 10000 0.125328
19 9600 0.125114
19 9200 0.125077
19 8800 0.125025
19 8400 0.125105
19 8000 0.124947
19 7600 0.125046
19 7200 0.125169
19 6800 0.125156
19 6400 0.124886
19 6000 0.125053
19 5600 0.125195
19 5200 0.124773
19 4800 0.125024
19 4400 0.124940
19 4000 0.125025
19 3600 0.124855
19 3200 0.124951
19 2800 0.125084
19 2400 0.124912
19 2000 0.124960
19 1600 0.125120
19 1200 0.124954
17 10000 0.124919
17 9600 0.127679
17 9200 0.124667
17 8800 0.124900
17 8400 0.125000
17 8000 0.124953
17 7600 0.124712
17 7200 0.125064
17 6800 0.124673
17 6400 0.125077
17 6000 0.125264
17 5600 0.124967
17 5200 0.125224
17 4800 0.125223
17 4400 0.124960
17 4000 0.125309
17 3600 0.128660
17 3200 0.125070
17 2800 0.125191
17 2400 0.125196
17 2000 0.125012
17 1600 0.125003
17 1200 0.125158
15 10000 0.124994
15 9600 0.124955
15 9200 0.124979
15 8800 0.124889
15 8400 0.124959
15 8000 0.124953
15 7600 0.125073
15 7200 0.124844
15 6800 0.124893
15 6400 0.125033
15 6000 0.125078
15 5600 0.124812
15 5200 0.124954
15 4800 0.124947
15 4400 0.124828
15 4000 0.124993
15 3600 0.124948
15 3200 0.124824
15 2800 0.125264
15 2400 0.125247
15 2000 0.125126
15 1600 0.125031
15 1200 0.124858
13 10000 0.126171
13 9600 0.128897
13 9200 0.125330
13 8800 0.128482
13 8400 0.124950
13 8000 0.124669
13 7600 0.124985
13 7200 0.124812
13 6800 0.125253
13 6400 0.124994
13 6000 0.125255
13 5600 0.125116
13 5200 0.125477
13 4800 0.125276
13 4400 0.125070
13 4000 0.125361
13 3600 0.125126
13 3200 0.125159
13 2800 0.125388
13 2400 0.125021
13 2000 0.124993
13 1600 0.125014
13 1200 0.125101
11 10000 0.125238
11 9600 0.125355
11 9200 0.125222
11 8800 0.125042
11 8400 0.124975
11 8000 0.125004
11 7600 0.125138
11 7200 0.125289
11 6800 0.125090
11 6400 0.125264
11 6000 0.124989
11 5600 0.125132
11 5200 0.124929
11 4800 0.124917
11 4400 0.125252
11 4000 0.124967
11 3600 0.125046
11 3200 0.125077
11 2800 0.125121
11 2400 0.125397
11 2000 0.125064
11 1600 0.125338
11 1200 0.125248
9 10000 0.125454
9 9600 0.125136
9 9200 0.125037
9 8800 0.125225
9 8400 0.125248
9 8000 0.128696
9 7600 0.125108
9 7200 0.125058
9 6800 0.125203
9 6400 0.124905
9 6000 0.125052
9 5600 0.124904
9 5200 0.124932
9 4800 0.125115
9 4400 0.124812
9 4000 0.124866
9 3600 0.124890
9 3200 0.124755
9 2800 0.124910
9 2400 0.124903
9 2000 0.124961
9 1600 0.125025
9 1200 0.124890
7 10000 0.125130
7 9600 0.124906
7 9200 0.124954
7 8800 0.125038
7 8400 0.124890
7 8000 0.125022
7 7600 0.125155
7 7200 0.124887
7 6800 0.125013
7 6400 0.124943
7 6000 0.124889
7 5600 0.124755
7 5200 0.124785
7 4800 0.124902
7 4400 0.124929
7 4000 0.124949
7 3600 0.124828
7 3200 0.124770
7 2800 0.124834
7 2400 0.125008
7 2000 0.124979
7 1600 0.124895
7 1200 0.125048
5 10000 0.124888
5 9600 0.125029
5 9200 0.124849
5 8800 0.124852
5 8400 0.124855
5 8000 0.124834
5 7600 0.124939
5 7200 0.126780
5 6800 0.124766
5 6400 0.124892
5 6000 0.125033
5 5600 0.125011
5 5200 0.124972
5 4800 0.124853
5 4400 0.124871
5 4000 0.124907
5 3600 0.124912
5 3200 0.127857
5 2800 0.124863
5 2400 0.124895
5 2000 0.124992
5 1600 0.124797
5 1200 0.124898
3 10000 0.125034
3 9600 0.124958
3 9200 0.124791
3 8800 0.124992
3 8400 0.125069
3 8000 0.124998
3 7600 0.125115
3 7200 0.125315
3 6800 0.125010
3 6400 0.125183
3 6000 0.125161
3 5600 0.125099
3 5200 0.124891
3 4800 0.125020
3 4400 0.125090
3 4000 0.125221
3 3600 0.125122
3 3200 0.125255
3 2800 0.125130
3 2400 0.125142
3 2000 0.125392
3 1600 0.125144
3 1200 0.125191
1 10000 0.125200
1 9600 0.125171
1 9200 0.125084
1 8800 0.124907
1 8400 0.125136
1 8000 0.125404
1 7600 0.125133
1 7200 0.125151
1 6800 0.125046
1 6400 0.127278
1 6000 0.125041
1 5600 0.125168
1 5200 0.125001
1 4800 0.125067
1 4400 0.124798
1 4000 0.125232
1 3600 0.124955
1 3200 0.127576
1 2800 0.124930
1 2400 0.124957
1 2000 0.124996
1 1600 0.124696
1 1200 0.124750
