1 1 0.357098
1 101 0.354953
1 201 0.357206
1 301 0.359546
1 401 0.358243
1 501 0.309627
1 601 0.171610
1 701 0.170811
1 801 0.170646
1 901 0.172203
2 1 0.172770
2 101 0.171718
2 201 0.173516
2 301 0.173394
2 401 0.173506
2 501 0.171935
2 601 0.169192
2 701 0.171839
2 801 0.169925
2 901 0.171373
3 1 0.168390
3 101 0.168629
3 201 0.171651
3 301 0.172744
3 401 0.171624
3 501 0.171243
3 601 0.171986
3 701 0.171977
3 801 0.170520
3 901 0.173245
4 1 0.172066
4 101 0.173592
4 201 0.173873
4 301 0.171644
4 401 0.172113
4 501 0.171362
4 601 0.174083
4 701 0.171913
4 801 0.172913
4 901 0.172690
5 1 0.170554
5 101 0.173359
5 201 0.172476
5 301 0.171706
5 401 0.168868
5 501 0.171731
5 601 0.173338
5 701 0.172269
5 801 0.171569
5 901 0.169930
6 1 0.172189
6 101 0.171300
6 201 0.170242
6 301 0.170335
6 401 0.172654
6 501 0.169900
6 601 0.171191
6 701 0.171241
6 801 0.170466
6 901 0.172698
7 1 0.170240
7 101 0.171255
7 201 0.174522
7 301 0.170907
7 401 0.171908
7 501 0.173307
7 601 0.169916
7 701 0.171003
7 801 0.171115
7 901 0.172108
8 1 0.171262
8 101 0.172459
8 201 0.171379
8 301 0.172735
8 401 0.173145
8 501 0.171767
8 601 0.171997
8 701 0.171234
8 801 0.172831
8 901 0.172928
9 1 0.169703
9 101 0.169957
9 201 0.171835
9 301 0.171697
9 401 0.173110
9 501 0.172222
9 601 0.172652
9 701 0.172444
9 801 0.172396
9 901 0.173711
10 1 0.171716
10 101 0.172152
10 201 0.173326
10 301 0.172088
10 401 0.171938
10 501 0.172406
10 601 0.172254
10 701 0.172716
10 801 0.171163
10 901 0.172562
11 1 0.171610
11 101 0.174264
11 201 0.171888
11 301 0.172232
11 401 0.168962
11 501 0.171399
11 601 0.173488
11 701 0.170744
11 801 0.170315
11 901 0.170320
12 1 0.173749
12 101 0.171898
12 201 0.172760
12 301 0.171820
12 401 0.172385
12 501 0.171831
12 601 0.171016
12 701 0.170458
12 801 0.169344
12 901 0.170548
13 1 0.173695
13 101 0.170755
13 201 0.172860
13 301 0.171073
13 401 0.171528
13 501 0.170876
13 601 0.171491
13 701 0.168943
13 801 0.170134
13 901 0.171979
14 1 0.171133
14 101 0.171704
14 201 0.171753
14 301 0.171202
14 401 0.170884
14 501 0.171311
14 601 0.172494
14 701 0.169177
14 801 0.173296
14 901 0.170855
15 1 0.170914
15 101 0.173663
15 201 0.173067
15 301 0.173810
15 401 0.171905
15 501 0.172319
15 601 0.172736
15 701 0.172057
15 801 0.172179
15 901 0.173094
16 1 0.170327
16 101 0.170865
16 201 0.170262
16 301 0.171787
16 401 0.172120
16 501 0.172482
16 601 0.171476
16 701 0.173346
16 801 0.170902
16 901 0.171171
17 1 0.169933
17 101 0.172734
17 201 0.170273
17 301 0.173194
17 401 0.170795
17 501 0.172059
17 601 0.170534
17 701 0.173498
17 801 0.171787
17 901 0.174141
18 1 0.170418
18 101 0.171659
18 201 0.173142
18 301 0.172270
18 401 0.172580
18 501 0.171198
18 601 0.173350
18 701 0.173689
18 801 0.171031
18 901 0.172413
19 1 0.172006
19 101 0.172063
19 201 0.171642
19 301 0.171993
19 401 0.171805
19 501 0.172083
19 601 0.171775
19 701 0.170486
19 801 0.171832
19 901 0.171027
20 1 0.171105
20 101 0.171643
20 201 0.174300
20 301 0.171371
20 401 0.172401
20 501 0.169510
20 601 0.170605
20 701 0.170842
20 801 0.172132
20 901 0.171472
21 1 0.169822
21 101 0.173661
21 201 0.170246
21 301 0.171045
21 401 0.173259
21 501 0.173362
21 601 0.169080
21 701 0.173309
21 801 0.172337
21 901 0.171780
22 1 0.172740
22 101 0.173262
22 201 0.173526
22 301 0.171687
22 401 0.170922
22 501 0.170791
22 601 0.172539
22 701 0.173939
22 801 0.172628
22 901 0.172365
23 1 0.170658
23 101 0.171791
23 201 0.171163
23 301 0.170714
23 401 0.171244
23 501 0.171229
23 601 0.172699
23 701 0.172423
23 801 0.170192
23 901 0.171402
24 1 0.172086
24 101 0.172000
24 201 0.170699
24 301 0.172210
24 401 0.170895
24 501 0.171762
24 601 0.173005
24 701 0.171419
24 801 0.172080
24 901 0.170645
25 1 0.170936
25 101 0.172641
25 201 0.172236
25 301 0.171614
25 401 0.171038
25 501 0.173183
25 601 0.170589
25 701 0.173256
25 801 0.171528
25 901 0.171727
26 1 0.173636
26 101 0.173195
26 201 0.172076
26 301 0.172014
26 401 0.171947
26 501 0.173111
26 601 0.171886
26 701 0.171877
26 801 0.172770
26 901 0.171414
27 1 0.170877
27 101 0.172173
27 201 0.172888
27 301 0.171690
27 401 0.171855
27 501 0.173765
27 601 0.171791
27 701 0.173216
27 801 0.172956
27 901 0.170360
28 1 0.171074
28 101 0.172458
28 201 0.171334
28 301 0.172403
28 401 0.172892
28 501 0.170306
28 601 0.171310
28 701 0.171817
28 801 0.173095
28 901 0.173286
29 1 0.173609
29 101 0.171944
29 201 0.173597
29 301 0.170778
29 401 0.170876
29 501 0.171295
29 601 0.170160
29 701 0.172548
29 801 0.171553
29 901 0.170320
30 1 0.171491
30 101 0.171660
30 201 0.172397
30 301 0.170868
30 401 0.172804
30 501 0.171944
30 601 0.171206
30 701 0.173426
30 801 0.171001
30 901 0.171034
31 1 0.172983
31 101 0.171673
31 201 0.173531
31 301 0.173246
31 401 0.170671
31 501 0.172029
31 601 0.172395
31 701 0.169121
31 801 0.173474
31 901 0.172116
32 1 0.171739
32 101 0.171027
32 201 0.169672
32 301 0.173097
32 401 0.172150
32 501 0.171088
32 601 0.171876
32 701 0.172680
32 801 0.172594
32 901 0.173226
