32 32 0.004310
32 31 0.004309
32 30 0.004299
32 29 0.004275
32 28 0.004272
32 27 0.004284
32 26 0.004304
32 25 0.004281
32 24 0.004281
32 23 0.004286
32 22 0.004257
32 21 0.004300
32 20 0.004293
32 19 0.004285
32 18 0.004281
32 17 0.004279
32 16 0.004265
32 15 0.004284
32 14 0.004280
32 13 0.004280
32 12 0.004287
32 11 0.004278
32 10 0.004311
32 9 0.004290
32 8 0.004282
32 7 0.004280
32 6 0.004282
32 5 0.004286
32 4 0.004259
32 3 0.004296
32 2 0.004287
32 1 0.004281
31 32 0.004279
31 31 0.004277
31 30 0.004266
31 29 0.004285
31 28 0.004279
31 27 0.004287
31 26 0.004279
31 25 0.004279
31 24 0.004259
31 23 0.004287
31 22 0.004278
31 21 0.004279
31 20 0.004280
31 19 0.004286
31 18 0.004262
31 17 0.004281
31 16 0.004285
31 15 0.004279
31 14 0.004281
31 13 0.004279
31 12 0.004282
31 11 0.004280
31 10 0.004282
31 9 0.004288
31 8 0.004279
31 7 0.004280
31 6 0.004258
31 5 0.004284
31 4 0.004285
31 3 0.004284
31 2 0.004292
31 1 0.004280
30 32 0.004258
30 31 0.004293
30 30 0.004287
30 29 0.004281
30 28 0.004281
30 27 0.004286
30 26 0.004257
30 25 0.004282
30 24 0.004286
30 23 0.004290
30 22 0.004304
30 21 0.004278
30 20 0.004282
30 19 0.004282
30 18 0.004277
30 17 0.004282
30 16 0.004286
30 15 0.004279
30 14 0.004260
30 13 0.004279
30 12 0.004279
30 11 0.004282
30 10 0.004280
30 9 0.004287
30 8 0.004259
30 7 0.004279
30 6 0.004281
30 5 0.004285
30 4 0.004280
30 3 0.004280
30 2 0.004265
30 1 0.004287
29 32 0.004286
29 31 0.004287
29 30 0.004286
29 29 0.004297
29 28 0.004256
29 27 0.004286
29 26 0.004281
29 25 0.004283
29 24 0.004279
29 23 0.004287
29 22 0.004259
29 21 0.004279
29 20 0.004288
29 19 0.004281
29 18 0.004284
29 17 0.004280
29 16 0.004273
29 15 0.004288
29 14 0.004281
29 13 0.004292
29 12 0.004279
29 11 0.004280
29 10 0.004259
29 9 0.004286
29 8 0.004281
29 7 0.004283
29 6 0.004300
29 5 0.004280
29 4 0.004268
29 3 0.004272
29 2 0.004290
29 1 0.004283
28 32 0.004281
28 31 0.004302
28 30 0.004290
28 29 0.004259
28 28 0.004279
28 27 0.004287
28 26 0.004284
28 25 0.004288
28 24 0.004296
28 23 0.004256
28 22 0.004280
28 21 0.004281
28 20 0.004286
28 19 0.004278
28 18 0.004278
28 17 0.004260
28 16 0.004286
28 15 0.004285
28 14 0.004297
28 13 0.004286
28 12 0.004286
28 11 0.004262
28 10 0.004288
28 9 0.004293
28 8 0.004298
28 7 0.004283
28 6 0.004287
28 5 0.004255
28 4 0.004279
28 3 0.004281
28 2 0.004287
28 1 0.004282
27 32 0.004280
27 31 0.004265
27 30 0.004278
27 29 0.004284
27 28 0.004281
27 27 0.004291
27 26 0.004282
27 25 0.004260
27 24 0.004288
27 23 0.004301
27 22 0.004280
27 21 0.004281
27 20 0.004287
27 19 0.004260
27 18 0.004283
27 17 0.004289
27 16 0.004278
27 15 0.004281
27 14 0.004279
27 13 0.004265
27 12 0.004279
27 11 0.004283
27 10 0.004288
27 9 0.004286
27 8 0.004279
27 7 0.004260
27 6 0.004285
27 5 0.004280
27 4 0.004280
27 3 0.004290
27 2 0.004282
27 1 0.004257
26 32 0.004297
26 31 0.004291
26 30 0.004285
26 29 0.004281
26 28 0.004293
26 27 0.004260
26 26 0.004282
26 25 0.004281
26 24 0.004285
26 23 0.004279
26 22 0.004281
26 21 0.004261
26 20 0.004286
26 19 0.004280
26 18 0.004282
26 17 0.004285
26 16 0.004280
26 15 0.004258
26 14 0.004285
26 13 0.004288
26 12 0.004288
26 11 0.004283
26 10 0.004284
26 9 0.004257
26 8 0.004294
26 7 0.004282
26 6 0.004457
26 5 0.004279
26 4 0.004279
26 3 0.004265
26 2 0.004281
26 1 0.004281
25 32 0.004287
25 31 0.004280
25 30 0.004283
25 29 0.004255
25 28 0.004284
25 27 0.004281
25 26 0.004279
25 25 0.004288
25 24 0.004281
25 23 0.004266
25 22 0.004270
25 21 0.004288
25 20 0.004282
25 19 0.004282
25 18 0.004281
25 17 0.004291
25 16 0.004268
25 15 0.004281
25 14 0.004287
25 13 0.004280
25 12 0.004282
25 11 0.004279
25 10 0.004263
25 9 0.004304
25 8 0.004297
25 7 0.004288
25 6 0.004283
25 5 0.004283
25 4 0.004260
25 3 0.004289
25 2 0.004286
25 1 0.004282
24 32 0.004289
24 31 0.004280
24 30 0.004259
24 29 0.004281
24 28 0.004286
24 27 0.004281
24 26 0.004286
24 25 0.004305
24 24 0.004258
24 23 0.004279
24 22 0.004281
24 21 0.004286
24 20 0.004281
24 19 0.004280
24 18 0.004265
24 17 0.004280
24 16 0.004281
24 15 0.004279
24 14 0.004288
24 13 0.004280
24 12 0.004260
24 11 0.004286
24 10 0.004284
24 9 0.004280
24 8 0.004280
24 7 0.004288
24 6 0.004260
24 5 0.004280
24 4 0.004286
24 3 0.004280
24 2 0.004297
24 1 0.004281
23 32 0.004267
23 31 0.004287
23 30 0.004281
23 29 0.004287
23 28 0.004280
23 27 0.004288
23 26 0.004264
23 25 0.004292
23 24 0.004281
23 23 0.004283
23 22 0.004286
23 21 0.004329
23 20 0.004259
23 19 0.004284
23 18 0.004288
23 17 0.004281
23 16 0.004279
23 15 0.004287
23 14 0.004260
23 13 0.004362
23 12 0.004290
23 11 0.004304
23 10 0.004284
23 9 0.004278
23 8 0.004265
23 7 0.004282
23 6 0.004283
23 5 0.004282
23 4 0.004288
23 3 0.004285
23 2 0.004259
23 1 0.004287
22 32 0.004282
22 31 0.004286
22 30 0.004282
22 29 0.004291
22 28 0.004263
22 27 0.004279
22 26 0.004289
22 25 0.004283
22 24 0.004283
22 23 0.004278
22 22 0.004264
22 21 0.004280
22 20 0.004281
22 19 0.004306
22 18 0.004282
22 17 0.004282
22 16 0.004268
22 15 0.004280
22 14 0.004283
22 13 0.003957
22 12 0.003674
22 11 0.003649
22 10 0.003672
22 9 0.003670
22 8 0.003665
22 7 0.003652
22 6 0.003669
22 5 0.003666
22 4 0.003654
22 3 0.003673
22 2 0.003670
22 1 0.003668
21 32 0.003651
21 31 0.003663
21 30 0.003670
21 29 0.003652
21 28 0.003666
21 27 0.003673
21 26 0.003670
21 25 0.003659
21 24 0.003671
21 23 0.003670
21 22 0.003643
21 21 0.003673
21 20 0.003670
21 19 0.003664
21 18 0.003652
21 17 0.003670
21 16 0.003665
21 15 0.003667
21 14 0.003676
21 13 0.003676
21 12 0.003670
21 11 0.003651
21 10 0.003676
21 9 0.003670
21 8 0.003649
21 7 0.003664
21 6 0.003671
21 5 0.003669
21 4 0.003645
21 3 0.003671
21 2 0.003670
21 1 0.003644
20 32 0.003670
20 31 0.003675
20 30 0.003680
20 29 0.003652
20 28 0.003676
20 27 0.003665
20 26 0.003653
20 25 0.003670
20 24 0.003665
20 23 0.003665
20 22 0.003668
20 21 0.003666
20 20 0.003670
20 19 0.003651
20 18 0.003666
20 17 0.003670
20 16 0.003668
20 15 0.003644
20 14 0.003670
20 13 0.003670
20 12 0.003645
20 11 0.003671
20 10 0.003669
20 9 0.003663
20 8 0.003651
20 7 0.003680
20 6 0.003666
20 5 0.003652
20 4 0.003672
20 3 0.003680
20 2 0.003673
20 1 0.003653
19 32 0.003666
19 31 0.003670
19 30 0.003648
19 29 0.003665
19 28 0.003689
19 27 0.003673
19 26 0.003645
19 25 0.003670
19 24 0.003672
19 23 0.003645
19 22 0.003671
19 21 0.003668
19 20 0.003664
19 19 0.003651
19 18 0.003670
19 17 0.003669
19 16 0.003657
19 15 0.003676
19 14 0.003664
19 13 0.003670
19 12 0.003651
19 11 0.003664
19 10 0.003670
19 9 0.003648
19 8 0.003666
19 7 0.003685
19 6 0.003669
19 5 0.003646
19 4 0.003670
19 3 0.003671
19 2 0.003644
19 1 0.003670
18 32 0.003672
18 31 0.003661
18 30 0.003650
18 29 0.003669
18 28 0.003665
18 27 0.003653
18 26 0.003670
18 25 0.003666
18 24 0.003669
18 23 0.003652
18 22 0.003664
18 21 0.003669
18 20 0.003652
18 19 0.003664
18 18 0.003671
18 17 0.003671
18 16 0.003646
18 15 0.003671
18 14 0.003669
18 13 0.003646
18 12 0.003686
18 11 0.003671
18 10 0.003677
18 9 0.003652
18 8 0.003670
18 7 0.003663
18 6 0.003649
18 5 0.003668
18 4 0.003665
18 3 0.003670
18 2 0.003650
18 1 0.003663
17 32 0.003706
17 31 0.003649
17 30 0.003665
17 29 0.003668
17 28 0.003672
17 27 0.003643
17 26 0.003672
17 25 0.003669
17 24 0.003644
17 23 0.003672
17 22 0.003667
17 21 0.003662
17 20 0.003652
17 19 0.003670
17 18 0.003670
17 17 0.003673
17 16 0.003663
17 15 0.003665
17 14 0.003668
17 13 0.003650
17 12 0.003664
17 11 0.003669
17 10 0.003660
17 9 0.003658
17 8 0.003670
17 7 0.003668
17 6 0.003645
17 5 0.003686
17 4 0.003681
17 3 0.003664
17 2 0.003652
17 1 0.003670
16 32 0.003664
16 31 0.003652
16 30 0.003669
16 29 0.003662
16 28 0.003667
16 27 0.003652
16 26 0.003665
16 25 0.003667
16 24 0.003652
16 23 0.003665
16 22 0.003673
16 21 0.003682
16 20 0.003646
16 19 0.003672
16 18 0.003669
16 17 0.003648
16 16 0.003672
16 15 0.003670
16 14 0.003661
16 13 0.003651
16 12 0.003669
16 11 0.003664
16 10 0.003651
16 9 0.003673
16 8 0.003664
16 7 0.003670
16 6 0.003650
16 5 0.003663
16 4 0.003671
16 3 0.003655
16 2 0.003665
16 1 0.003670
15 32 0.003670
15 31 0.003647
15 30 0.003675
15 29 0.003699
15 28 0.003646
15 27 0.003673
15 26 0.003685
15 25 0.003665
15 24 0.003652
15 23 0.003668
15 22 0.003667
15 21 0.003651
15 20 0.003692
15 19 0.003669
15 18 0.003669
15 17 0.003654
15 16 0.003663
15 15 0.003669
15 14 0.003650
15 13 0.003664
15 12 0.003673
15 11 0.003688
15 10 0.003645
15 9 0.003669
15 8 0.003670
15 7 0.003644
15 6 0.003668
15 5 0.003694
15 4 0.003665
15 3 0.003652
15 2 0.003687
15 1 0.003665
14 32 0.003652
14 31 0.003683
14 30 0.003664
14 29 0.003669
14 28 0.003652
14 27 0.003665
14 26 0.003669
14 25 0.003650
14 24 0.003665
14 23 0.003671
14 22 0.003671
14 21 0.003649
14 20 0.003675
14 19 0.003676
14 18 0.003658
14 17 0.003703
14 16 0.003715
14 15 0.003700
14 14 0.003691
14 13 0.003720
14 12 0.003701
14 11 0.003702
14 10 0.003707
14 9 0.003725
14 8 0.003706
14 7 0.003701
14 6 0.003722
14 5 0.003707
14 4 0.003725
14 3 0.003705
14 2 0.003716
14 1 0.003701
13 32 0.003703
13 31 0.003675
13 30 0.003668
13 29 0.003673
13 28 0.003657
13 27 0.003669
13 26 0.003674
13 25 0.003655
13 24 0.003669
13 23 0.003670
13 22 0.003673
13 21 0.003650
13 20 0.003675
13 19 0.003672
13 18 0.003647
13 17 0.003668
13 16 0.003670
13 15 0.003663
13 14 0.003650
13 13 0.003667
13 12 0.003665
13 11 0.003649
13 10 0.003672
13 9 0.003678
13 8 0.003670
13 7 0.003650
13 6 0.003666
13 5 0.003673
13 4 0.003651
13 3 0.003664
13 2 0.003668
13 1 0.003670
12 32 0.003645
12 31 0.003668
12 30 0.003671
12 29 0.003642
12 28 0.003668
12 27 0.003685
12 26 0.003680
12 25 0.003661
12 24 0.003669
12 23 0.003664
12 22 0.003657
12 21 0.003658
12 20 0.003663
12 19 0.003669
12 18 0.003650
12 17 0.003662
12 16 0.003669
12 15 0.003663
12 14 0.003657
12 13 0.003682
12 12 0.003669
12 11 0.003648
12 10 0.003676
12 9 0.003673
12 8 0.003669
12 7 0.003657
12 6 0.003691
12 5 0.003665
12 4 0.003654
12 3 0.003671
12 2 0.003664
12 1 0.003669
11 32 0.003650
11 31 0.003664
11 30 0.003669
11 29 0.003649
11 28 0.003664
11 27 0.003672
11 26 0.003669
11 25 0.003645
11 24 0.003669
11 23 0.003672
11 22 0.003650
11 21 0.003671
11 20 0.003671
11 19 0.003664
11 18 0.003670
11 17 0.003669
11 16 0.003664
11 15 0.003650
11 14 0.003669
11 13 0.003665
11 12 0.003669
11 11 0.003651
11 10 0.003666
11 9 0.003670
11 8 0.003650
11 7 0.003668
11 6 0.003668
11 5 0.003668
11 4 0.003647
11 3 0.003675
11 2 0.003673
11 1 0.003646
10 32 0.003670
10 31 0.003669
10 30 0.003662
10 29 0.003651
10 28 0.003674
10 27 0.003667
10 26 0.003649
10 25 0.003667
10 24 0.003667
10 23 0.003682
10 22 0.003651
10 21 0.003664
10 20 0.003673
10 19 0.003653
10 18 0.003664
10 17 0.003670
10 16 0.003668
10 15 0.003645
10 14 0.003669
10 13 0.003675
10 12 0.003647
10 11 0.003672
10 10 0.003670
10 9 0.003662
10 8 0.003650
10 7 0.003668
10 6 0.003665
10 5 0.003650
10 4 0.003669
10 3 0.003665
10 2 0.003668
10 1 0.003649
9 32 0.003663
9 31 0.003671
9 30 0.003652
9 29 0.003665
9 28 0.003668
9 27 0.003684
9 26 0.003644
9 25 0.003675
9 24 0.003668
9 23 0.003645
9 22 0.003669
9 21 0.003670
9 20 0.003661
9 19 0.003651
9 18 0.003668
9 17 0.003676
9 16 0.003648
9 15 0.003670
9 14 0.003666
9 13 0.003669
9 12 0.003651
9 11 0.003664
9 10 0.003669
9 9 0.003648
9 8 0.003665
9 7 0.003670
9 6 0.003670
9 5 0.003645
9 4 0.003675
9 3 0.003673
9 2 0.003644
9 1 0.003673
8 32 0.003684
8 31 0.003664
8 30 0.003650
8 29 0.003670
8 28 0.003664
8 27 0.003652
8 26 0.003669
8 25 0.003664
8 24 0.003669
8 23 0.003651
8 22 0.003665
8 21 0.003673
8 20 0.003652
8 19 0.003663
8 18 0.003685
8 17 0.003669
8 16 0.003656
8 15 0.003670
8 14 0.003670
8 13 0.003645
8 12 0.003685
8 11 0.003680
8 10 0.003668
8 9 0.003657
8 8 0.003778
8 7 0.003804
8 6 0.003679
8 5 0.003683
8 4 0.003693
8 3 0.003677
8 2 0.003682
8 1 0.003690
7 32 0.003686
7 31 0.003689
7 30 0.003680
7 29 0.003685
7 28 0.003673
7 27 0.003650
7 26 0.003666
7 25 0.003670
7 24 0.003678
7 23 0.003645
7 22 0.003669
7 21 0.003670
7 20 0.003644
7 19 0.003670
7 18 0.003670
7 17 0.003664
7 16 0.003650
7 15 0.003670
7 14 0.003663
7 13 0.003650
7 12 0.003671
7 11 0.003664
7 10 0.003682
7 9 0.003651
7 8 0.003666
7 7 0.003670
7 6 0.003649
7 5 0.003667
7 4 0.003674
7 3 0.003672
7 2 0.003644
7 1 0.003669
6 32 0.003671
6 31 0.003647
6 30 0.003669
6 29 0.003669
6 28 0.003662
6 27 0.003713
6 26 0.003672
6 25 0.003665
6 24 0.003649
6 23 0.003669
6 22 0.003665
6 21 0.003671
6 20 0.003652
6 19 0.003664
6 18 0.003669
6 17 0.003730
6 16 0.003671
6 15 0.003665
6 14 0.003683
6 13 0.003650
6 12 0.003662
6 11 0.003668
6 10 0.003653
6 9 0.003700
6 8 0.003670
6 7 0.003669
6 6 0.003645
6 5 0.003669
6 4 0.003670
6 3 0.003644
6 2 0.003672
6 1 0.003669
5 32 0.003664
5 31 0.003655
5 30 0.003677
5 29 0.003667
5 28 0.003651
5 27 0.003667
5 26 0.003663
5 25 0.003671
5 24 0.003649
5 23 0.003664
5 22 0.003670
5 21 0.003649
5 20 0.003667
5 19 0.003683
5 18 0.003672
5 17 0.003644
5 16 0.003670
5 15 0.003674
5 14 0.003657
5 13 0.003663
5 12 0.003670
5 11 0.003662
5 10 0.003650
5 9 0.003457
5 8 0.003214
5 7 0.003193
5 6 0.003371
5 5 0.003208
5 4 0.003192
5 3 0.003220
5 2 0.002836
5 1 0.002847
4 32 0.002838
4 31 0.002769
4 30 0.002555
4 29 0.002562
4 28 0.002554
4 27 0.002505
4 26 0.002320
4 25 0.002332
4 24 0.002318
4 23 0.002349
4 22 0.002039
4 21 0.002049
4 20 0.002040
4 19 0.002041
4 18 0.002061
4 17 0.002046
4 16 0.002051
4 15 0.002039
4 14 0.002039
4 13 0.002050
4 12 0.002041
4 11 0.002049
4 10 0.002040
4 9 0.002037
4 8 0.002051
4 7 0.002039
4 6 0.002049
4 5 0.002040
4 4 0.002037
4 3 0.002049
4 2 0.002038
4 1 0.002054
3 32 0.002041
3 31 0.002039
3 30 0.002050
3 29 0.002039
3 28 0.002050
3 27 0.002040
3 26 0.002039
3 25 0.002050
3 24 0.002039
3 23 0.002046
3 22 0.002045
3 21 0.002047
3 20 0.002049
3 19 0.002039
3 18 0.002056
3 17 0.002040
3 16 0.002039
3 15 0.002049
3 14 0.002040
3 13 0.002050
3 12 0.002039
3 11 0.002038
3 10 0.002053
3 9 0.002038
3 8 0.002044
3 7 0.002044
3 6 0.002038
3 5 0.002048
3 4 0.002040
3 3 0.002047
3 2 0.002046
3 1 0.002041
2 32 0.002062
2 31 0.002040
2 30 0.002046
2 29 0.002045
2 28 0.002038
2 27 0.002050
2 26 0.002039
2 25 0.002043
2 24 0.002044
2 23 0.002039
2 22 0.002049
2 21 0.002038
2 20 0.002047
2 19 0.002052
2 18 0.002038
2 17 0.002051
2 16 0.002039
2 15 0.002045
2 14 0.002050
2 13 0.002039
2 12 0.002054
2 11 0.002040
2 10 0.002045
2 9 0.002046
2 8 0.002039
2 7 0.002050
2 6 0.002039
2 5 0.002044
2 4 0.002044
2 3 0.002040
2 2 0.002049
2 1 0.002040
1 32 0.002038
1 31 0.002050
1 30 0.002042
1 29 0.002050
1 28 0.002040
1 27 0.002039
1 26 0.002050
1 25 0.002039
1 24 0.002060
1 23 0.002038
1 22 0.002038
1 21 0.002049
1 20 0.002039
1 19 0.002049
1 18 0.002039
1 17 0.002038
1 16 0.002051
1 15 0.002047
1 14 0.002053
1 13 0.002039
1 12 0.002039
1 11 0.002050
1 10 0.002038
1 9 0.002050
1 8 0.002042
1 7 0.002038
1 6 0.002049
1 5 0.002039
1 4 0.002049
1 3 0.002038
1 2 0.002038
1 1 0.002050
