32 1024 0.015721
32 1014 0.005367
32 1004 0.005289
32 994 0.005207
32 984 0.005162
32 974 0.005104
32 964 0.005068
32 954 0.005016
32 944 0.004948
32 934 0.004896
32 924 0.004838
32 914 0.004794
32 904 0.004744
32 894 0.004674
32 884 0.004631
32 874 0.004587
32 864 0.004538
32 854 0.004501
32 844 0.004424
32 834 0.004383
32 824 0.004318
32 814 0.004260
32 804 0.004224
32 794 0.004167
32 784 0.004114
32 774 0.004063
32 764 0.003991
32 754 0.003960
32 744 0.003916
32 734 0.003882
32 724 0.003777
32 714 0.003752
32 704 0.003704
32 694 0.003658
32 684 0.003580
32 674 0.003546
32 664 0.003486
32 654 0.003421
32 644 0.003385
32 634 0.003499
32 624 0.003271
32 614 0.003236
32 604 0.003195
32 594 0.003109
32 584 0.003084
32 574 0.003003
32 564 0.003087
32 554 0.002918
32 544 0.002861
32 534 0.002818
32 524 0.002742
32 514 0.002708
32 504 0.002633
32 494 0.002612
32 484 0.002526
32 474 0.002505
32 464 0.002424
32 454 0.002403
32 444 0.002320
32 434 0.002285
32 424 0.002459
32 414 0.002178
32 404 0.002139
32 394 0.002079
32 384 0.002042
32 374 0.001969
32 364 0.001905
32 354 0.001881
32 344 0.001802
32 334 0.001753
32 324 0.001710
32 314 0.001646
32 304 0.001594
32 294 0.001555
32 284 0.001491
32 274 0.001432
32 264 0.001400
32 254 0.001337
32 244 0.001277
32 234 0.001225
32 224 0.001191
32 214 0.001129
32 204 0.001070
32 194 0.001019
32 184 0.000966
32 174 0.000933
32 164 0.000854
32 154 0.000811
32 144 0.000759
32 134 0.000707
32 124 0.000646
32 114 0.000604
32 104 0.000576
32 94 0.000491
32 84 0.000450
32 74 0.000397
32 64 0.000335
32 54 0.000295
32 44 0.000235
32 34 0.000179
32 24 0.000127
32 14 0.000075
32 4 0.000023
31 1024 0.005382
31 1014 0.005310
31 1004 0.005264
31 994 0.005213
31 984 0.005161
31 974 0.005108
31 964 0.005061
31 954 0.005001
31 944 0.004953
31 934 0.004898
31 924 0.004846
31 914 0.004801
31 904 0.004749
31 894 0.004699
31 884 0.004630
31 874 0.004586
31 864 0.004510
31 854 0.004493
31 844 0.004425
31 834 0.004381
31 824 0.004321
31 814 0.004386
31 804 0.004268
31 794 0.004176
31 784 0.004119
31 774 0.004067
31 764 0.004012
31 754 0.003938
31 744 0.003912
31 734 0.003862
31 724 0.003804
31 714 0.003724
31 704 0.003699
31 694 0.003651
31 684 0.003612
31 674 0.003526
31 664 0.003489
31 654 0.003442
31 644 0.003366
31 634 0.003342
31 624 0.003287
31 614 0.003206
31 604 0.003176
31 594 0.003103
31 584 0.003077
31 574 0.003020
31 564 0.002950
31 554 0.002921
31 544 0.002846
31 534 0.002823
31 524 0.002743
31 514 0.002709
31 504 0.002637
31 494 0.002603
31 484 0.002536
31 474 0.002503
31 464 0.002422
31 454 0.002403
31 444 0.002328
31 434 0.002291
31 424 0.002216
31 414 0.002198
31 404 0.002113
31 394 0.002060
31 384 0.002033
31 374 0.001957
31 364 0.001928
31 354 0.001854
31 344 0.001803
31 334 0.001773
31 324 0.001699
31 314 0.001645
31 304 0.001617
31 294 0.001544
31 284 0.001483
31 274 0.001453
31 264 0.001398
31 254 0.001330
31 244 0.001286
31 234 0.001246
31 224 0.001175
31 214 0.001121
31 204 0.001069
31 194 0.001018
31 184 0.000988
31 174 0.000926
31 164 0.000863
31 154 0.000816
31 144 0.000759
31 134 0.000698
31 124 0.000663
31 114 0.000621
31 104 0.000546
31 94 0.000500
31 84 0.000444
31 74 0.000396
31 64 0.000335
31 54 0.000283
31 44 0.000231
31 34 0.000187
31 24 0.000127
31 14 0.000075
31 4 0.000023
30 1024 0.005361
30 1014 0.005319
30 1004 0.005266
30 994 0.005220
30 984 0.005167
30 974 0.005105
30 964 0.005055
30 954 0.005013
30 944 0.004951
30 934 0.004903
30 924 0.004847
30 914 0.004805
30 904 0.004745
30 894 0.004698
30 884 0.004641
30 874 0.004596
30 864 0.004539
30 854 0.004488
30 844 0.004431
30 834 0.004376
30 824 0.004340
30 814 0.004271
30 804 0.004229
30 794 0.004171
30 784 0.004101
30 774 0.004063
30 764 0.004080
30 754 0.003968
30 744 0.003887
30 734 0.003851
30 724 0.003806
30 714 0.003756
30 704 0.003679
30 694 0.003642
30 684 0.003612
30 674 0.003534
30 664 0.003490
30 654 0.003439
30 644 0.003387
30 634 0.003318
30 624 0.003292
30 614 0.003229
30 604 0.003180
30 594 0.003126
30 584 0.003060
30 574 0.003025
30 564 0.002949
30 554 0.002919
30 544 0.002865
30 534 0.002795
30 524 0.002754
30 514 0.002692
30 504 0.002660
30 494 0.002579
30 484 0.002556
30 474 0.002475
30 464 0.002459
30 454 0.002372
30 444 0.002358
30 434 0.002279
30 424 0.002229
30 414 0.002189
30 404 0.002116
30 394 0.002085
30 384 0.002007
30 374 0.001951
30 364 0.001929
30 354 0.001854
30 344 0.001823
30 334 0.001757
30 324 0.001698
30 314 0.001661
30 304 0.001596
30 294 0.001538
30 284 0.001508
30 274 0.001454
30 264 0.001388
30 254 0.001328
30 244 0.001297
30 234 0.001233
30 224 0.001173
30 214 0.001121
30 204 0.001070
30 194 0.001039
30 184 0.000966
30 174 0.000915
30 164 0.000863
30 154 0.000813
30 144 0.000750
30 134 0.000732
30 124 0.000657
30 114 0.000594
30 104 0.000561
30 94 0.000490
30 84 0.000448
30 74 0.000387
30 64 0.000344
30 54 0.000283
30 44 0.000230
30 34 0.000178
30 24 0.000126
30 14 0.000077
30 4 0.000023
29 1024 0.005408
29 1014 0.005311
29 1004 0.005302
29 994 0.005230
29 984 0.005155
29 974 0.005104
29 964 0.005050
29 954 0.005007
29 944 0.004966
29 934 0.004901
29 924 0.004846
29 914 0.004797
29 904 0.004738
29 894 0.004696
29 884 0.004641
29 874 0.004580
29 864 0.004536
29 854 0.004479
29 844 0.004443
29 834 0.004379
29 824 0.004319
29 814 0.004292
29 804 0.004228
29 794 0.004169
29 784 0.004113
29 774 0.004043
29 764 0.004026
29 754 0.003979
29 744 0.003912
29 734 0.003836
29 724 0.003810
29 714 0.003762
29 704 0.003705
29 694 0.003647
29 684 0.003600
29 674 0.003548
29 664 0.003472
29 654 0.003436
29 644 0.003387
29 634 0.003318
29 624 0.003286
29 614 0.003244
29 604 0.003164
29 594 0.003127
29 584 0.003051
29 574 0.003022
29 564 0.003013
29 554 0.002919
29 544 0.002881
29 534 0.002800
29 524 0.002775
29 514 0.002689
29 504 0.002663
29 494 0.002588
29 484 0.002565
29 474 0.002475
29 464 0.002458
29 454 0.002371
29 444 0.002347
29 434 0.002274
29 424 0.002252
29 414 0.002164
29 404 0.002116
29 394 0.002083
29 384 0.002017
29 374 0.001984
29 364 0.001906
29 354 0.001853
29 344 0.001839
29 334 0.001750
29 324 0.001700
29 314 0.001680
29 304 0.001595
29 294 0.001535
29 284 0.001518
29 274 0.001432
29 264 0.001381
29 254 0.001343
29 244 0.001297
29 234 0.001226
29 224 0.001179
29 214 0.001121
29 204 0.001099
29 194 0.001019
29 184 0.000965
29 174 0.000919
29 164 0.000863
29 154 0.000827
29 144 0.000761
29 134 0.000711
29 124 0.000646
29 114 0.000604
29 104 0.000551
29 94 0.000490
29 84 0.000448
29 74 0.000397
29 64 0.000352
29 54 0.000306
29 44 0.000231
29 34 0.000179
29 24 0.000127
29 14 0.000075
29 4 0.000023
28 1024 0.005376
28 1014 0.005318
28 1004 0.005264
28 994 0.005224
28 984 0.005186
28 974 0.005110
28 964 0.005058
28 954 0.005008
28 944 0.004964
28 934 0.004907
28 924 0.004853
28 914 0.004790
28 904 0.004741
28 894 0.004697
28 884 0.004640
28 874 0.004597
28 864 0.004542
28 854 0.004483
28 844 0.004443
28 834 0.004377
28 824 0.004331
28 814 0.004258
28 804 0.004222
28 794 0.004183
28 784 0.004125
28 774 0.004071
28 764 0.004003
28 754 0.003963
28 744 0.003911
28 734 0.003860
28 724 0.003784
28 714 0.003749
28 704 0.003704
28 694 0.003651
28 684 0.003569
28 674 0.003554
28 664 0.003495
28 654 0.003422
28 644 0.003393
28 634 0.003347
28 624 0.003260
28 614 0.003232
28 604 0.003186
28 594 0.003105
28 584 0.003076
28 574 0.002999
28 564 0.002972
28 554 0.002897
28 544 0.002875
28 534 0.002821
28 524 0.002746
28 514 0.002713
28 504 0.002632
28 494 0.002609
28 484 0.002538
28 474 0.002516
28 464 0.002423
28 454 0.002403
28 444 0.002325
28 434 0.002275
28 424 0.002248
28 414 0.002166
28 404 0.002137
28 394 0.002065
28 384 0.002031
28 374 0.001959
28 364 0.001905
28 354 0.001878
28 344 0.001796
28 334 0.001741
28 324 0.001725
28 314 0.001658
28 304 0.001589
28 294 0.001567
28 284 0.001485
28 274 0.001440
28 264 0.001391
28 254 0.001342
28 244 0.001285
28 234 0.001225
28 224 0.001178
28 214 0.001144
28 204 0.001071
28 194 0.001027
28 184 0.000967
28 174 0.000927
28 164 0.000882
28 154 0.000811
28 144 0.000759
28 134 0.000706
28 124 0.000647
28 114 0.000607
28 104 0.000542
28 94 0.000522
28 84 0.000439
28 74 0.000398
28 64 0.000335
28 54 0.000283
28 44 0.000241
28 34 0.000179
28 24 0.000128
28 14 0.000075
28 4 0.000023
27 1024 0.005366
27 1014 0.005322
27 1004 0.005266
27 994 0.005211
27 984 0.005176
27 974 0.005106
27 964 0.005066
27 954 0.005026
27 944 0.004965
27 934 0.004894
27 924 0.004854
27 914 0.004799
27 904 0.004756
27 894 0.004695
27 884 0.004637
27 874 0.004590
27 864 0.004512
27 854 0.004490
27 844 0.004434
27 834 0.004394
27 824 0.004331
27 814 0.004273
27 804 0.004205
27 794 0.004180
27 784 0.004119
27 774 0.004069
27 764 0.004014
27 754 0.003939
27 744 0.003907
27 734 0.003858
27 724 0.003847
27 714 0.003752
27 704 0.003706
27 694 0.003650
27 684 0.003589
27 674 0.003525
27 664 0.003495
27 654 0.003444
27 644 0.003361
27 634 0.003333
27 624 0.003296
27 614 0.003207
27 604 0.003179
27 594 0.003128
27 584 0.003077
27 574 0.003029
27 564 0.002959
27 554 0.002919
27 544 0.002890
27 534 0.002819
27 524 0.002741
27 514 0.002709
27 504 0.002640
27 494 0.002606
27 484 0.002531
27 474 0.002508
27 464 0.002435
27 454 0.002393
27 444 0.002329
27 434 0.002293
27 424 0.002216
27 414 0.002188
27 404 0.002123
27 394 0.002060
27 384 0.002039
27 374 0.001959
27 364 0.001926
27 354 0.001848
27 344 0.001802
27 334 0.001771
27 324 0.001699
27 314 0.001638
27 304 0.001626
27 294 0.001544
27 284 0.001495
27 274 0.001437
27 264 0.001415
27 254 0.001330
27 244 0.001284
27 234 0.001235
27 224 0.001185
27 214 0.001122
27 204 0.001070
27 194 0.001017
27 184 0.000985
27 174 0.000916
27 164 0.000866
27 154 0.000810
27 144 0.000760
27 134 0.000697
27 124 0.000656
27 114 0.000613
27 104 0.000554
27 94 0.000500
27 84 0.000438
27 74 0.000387
27 64 0.000344
27 54 0.000283
27 44 0.000230
27 34 0.000178
27 24 0.000138
27 14 0.000076
27 4 0.000023
26 1024 0.005366
26 1014 0.005348
26 1004 0.005354
26 994 0.005225
26 984 0.005168
26 974 0.005113
26 964 0.005062
26 954 0.005009
26 944 0.004974
26 934 0.004909
26 924 0.004854
26 914 0.004802
26 904 0.004759
26 894 0.004699
26 884 0.004647
26 874 0.004594
26 864 0.004530
26 854 0.004475
26 844 0.004414
26 834 0.004383
26 824 0.004330
26 814 0.004273
26 804 0.004217
26 794 0.004834
26 784 0.004103
26 774 0.004070
26 764 0.004012
26 754 0.003960
26 744 0.003907
26 734 0.003837
26 724 0.003806
26 714 0.003767
26 704 0.003673
26 694 0.003652
26 684 0.003604
26 674 0.003540
26 664 0.003486
26 654 0.003451
26 644 0.003389
26 634 0.003331
26 624 0.003284
26 614 0.003227
26 604 0.003156
26 594 0.003140
26 584 0.003053
26 574 0.003022
26 564 0.002958
26 554 0.002909
26 544 0.002856
26 534 0.002794
26 524 0.002765
26 514 0.002690
26 504 0.002657
26 494 0.002588
26 484 0.002554
26 474 0.002482
26 464 0.002443
26 454 0.002380
26 444 0.002341
26 434 0.002270
26 424 0.002233
26 414 0.002173
26 404 0.002123
26 394 0.002082
26 384 0.002019
26 374 0.001976
26 364 0.001908
26 354 0.001856
26 344 0.001823
26 334 0.001745
26 324 0.001698
26 314 0.001668
26 304 0.001593
26 294 0.001553
26 284 0.001503
26 274 0.001440
26 264 0.001392
26 254 0.001347
26 244 0.001298
26 234 0.001226
26 224 0.001173
26 214 0.001123
26 204 0.001070
26 194 0.001046
26 184 0.000967
26 174 0.000906
26 164 0.000863
26 154 0.000811
26 144 0.000778
26 134 0.000709
26 124 0.000646
26 114 0.000604
26 104 0.000542
26 94 0.000499
26 84 0.000439
26 74 0.000409
26 64 0.000334
26 54 0.000283
26 44 0.000240
26 34 0.000179
26 24 0.000143
26 14 0.000079
26 4 0.000023
25 1024 0.005359
25 1014 0.005329
25 1004 0.005262
25 994 0.005208
25 984 0.005154
25 974 0.005112
25 964 0.005072
25 954 0.005009
25 944 0.004949
25 934 0.004895
25 924 0.004830
25 914 0.004800
25 904 0.004755
25 894 0.004694
25 884 0.004634
25 874 0.004587
25 864 0.004540
25 854 0.004496
25 844 0.004430
25 834 0.004381
25 824 0.004315
25 814 0.004272
25 804 0.004219
25 794 0.004184
25 784 0.004124
25 774 0.004043
25 764 0.004009
25 754 0.003962
25 744 0.003917
25 734 0.003835
25 724 0.003797
25 714 0.003753
25 704 0.003702
25 694 0.003622
25 684 0.003603
25 674 0.003545
25 664 0.003466
25 654 0.003441
25 644 0.003390
25 634 0.003311
25 624 0.003279
25 614 0.003236
25 604 0.003169
25 594 0.003124
25 584 0.003067
25 574 0.003018
25 564 0.002968
25 554 0.002897
25 544 0.002869
25 534 0.002793
25 524 0.002755
25 514 0.002703
25 504 0.002668
25 494 0.002600
25 484 0.002555
25 474 0.002476
25 464 0.002451
25 454 0.002373
25 444 0.002347
25 434 0.002268
25 424 0.002277
25 414 0.002182
25 404 0.002148
25 394 0.002087
25 384 0.002009
25 374 0.001980
25 364 0.002012
25 354 0.001860
25 344 0.001823
25 334 0.001753
25 324 0.001700
25 314 0.001660
25 304 0.001595
25 294 0.001543
25 284 0.001509
25 274 0.001441
25 264 0.001383
25 254 0.001347
25 244 0.001287
25 234 0.001225
25 224 0.001181
25 214 0.001122
25 204 0.001089
25 194 0.001019
25 184 0.000977
25 174 0.000914
25 164 0.000863
25 154 0.000831
25 144 0.000760
25 134 0.000697
25 124 0.000658
25 114 0.000604
25 104 0.000542
25 94 0.000500
25 84 0.000438
25 74 0.000386
25 64 0.000362
25 54 0.000283
25 44 0.000230
25 34 0.000190
25 24 0.000132
25 14 0.000076
25 4 0.000023
24 1024 0.005371
24 1014 0.005318
24 1004 0.005266
24 994 0.005207
24 984 0.005156
24 974 0.005113
24 964 0.005057
24 954 0.005004
24 944 0.004952
24 934 0.004912
24 924 0.004853
24 914 0.004805
24 904 0.004755
24 894 0.004664
24 884 0.004641
24 874 0.004588
24 864 0.004537
24 854 0.004478
24 844 0.004432
24 834 0.004373
24 824 0.004335
24 814 0.004325
24 804 0.004356
24 794 0.003579
24 784 0.003523
24 774 0.003561
24 764 0.003009
24 754 0.002957
24 744 0.002930
24 734 0.003057
24 724 0.002843
24 714 0.002814
24 704 0.002879
24 694 0.002425
24 684 0.002381
24 674 0.002365
24 664 0.002310
24 654 0.002251
24 644 0.002023
24 634 0.001984
24 624 0.001966
24 614 0.001923
24 604 0.001944
24 594 0.001696
24 584 0.001660
24 574 0.001633
24 564 0.001623
24 554 0.001573
24 544 0.001619
24 534 0.001346
24 524 0.001315
24 514 0.001285
24 504 0.001261
24 494 0.001244
24 484 0.001214
24 474 0.001187
24 464 0.001160
24 454 0.001146
24 444 0.001112
24 434 0.001089
24 424 0.001062
24 414 0.001036
24 404 0.001023
24 394 0.000990
24 384 0.000962
24 374 0.000937
24 364 0.000912
24 354 0.000896
24 344 0.000863
24 334 0.000837
24 324 0.000813
24 314 0.000783
24 304 0.000763
24 294 0.000746
24 284 0.000719
24 274 0.000683
24 264 0.000664
24 254 0.000638
24 244 0.000607
24 234 0.000612
24 224 0.000559
24 214 0.000540
24 204 0.000523
24 194 0.000489
24 184 0.000459
24 174 0.000443
24 164 0.000410
24 154 0.000391
24 144 0.000360
24 134 0.000335
24 124 0.000316
24 114 0.000285
24 104 0.000260
24 94 0.000241
24 84 0.000210
24 74 0.000186
24 64 0.000163
24 54 0.000148
24 44 0.000111
24 34 0.000088
24 24 0.000068
24 14 0.000037
24 4 0.000011
23 1024 0.002555
23 1014 0.002546
23 1004 0.002511
23 994 0.002499
23 984 0.002458
23 974 0.002446
23 964 0.002409
23 954 0.002381
23 944 0.002372
23 934 0.002331
23 924 0.002318
23 914 0.002291
23 904 0.002269
23 894 0.002233
23 884 0.002220
23 874 0.002187
23 864 0.002159
23 854 0.002153
23 844 0.002112
23 834 0.002097
23 824 0.002059
23 814 0.002042
23 804 0.002018
23 794 0.001985
23 784 0.001971
23 774 0.001935
23 764 0.001912
23 754 0.001897
23 744 0.001861
23 734 0.001835
23 724 0.001815
23 714 0.001785
23 704 0.001770
23 694 0.001743
23 684 0.001710
23 674 0.001692
23 664 0.001664
23 654 0.001637
23 644 0.001614
23 634 0.001591
23 624 0.001558
23 614 0.001537
23 604 0.001517
23 594 0.001488
23 584 0.001458
23 574 0.001448
23 564 0.001409
23 554 0.001387
23 544 0.001363
23 534 0.001343
23 524 0.001315
23 514 0.001288
23 504 0.001262
23 494 0.001245
23 484 0.001215
23 474 0.001185
23 464 0.001161
23 454 0.001145
23 444 0.001114
23 434 0.001086
23 424 0.001061
23 414 0.001036
23 404 0.001020
23 394 0.000987
23 384 0.000967
23 374 0.000937
23 364 0.000913
23 354 0.000896
23 344 0.000863
23 334 0.000836
23 324 0.000817
23 314 0.000782
23 304 0.000762
23 294 0.000738
23 284 0.000723
23 274 0.000682
23 264 0.000663
23 254 0.000639
23 244 0.000608
23 234 0.000589
23 224 0.000559
23 214 0.000540
23 204 0.000518
23 194 0.000490
23 184 0.000459
23 174 0.000440
23 164 0.000409
23 154 0.000390
23 144 0.000364
23 134 0.000335
23 124 0.000316
23 114 0.000289
23 104 0.000261
23 94 0.000235
23 84 0.000218
23 74 0.000191
23 64 0.000161
23 54 0.000136
23 44 0.000111
23 34 0.000091
23 24 0.000066
23 14 0.000036
23 4 0.000012
22 1024 0.002553
22 1014 0.002544
22 1004 0.002504
22 994 0.002491
22 984 0.002464
22 974 0.002437
22 964 0.002420
22 954 0.002381
22 944 0.002371
22 934 0.002332
22 924 0.002317
22 914 0.002287
22 904 0.002268
22 894 0.002232
22 884 0.002217
22 874 0.002192
22 864 0.002158
22 854 0.002143
22 844 0.002113
22 834 0.002095
22 824 0.002060
22 814 0.002036
22 804 0.002025
22 794 0.001985
22 784 0.001971
22 774 0.001935
22 764 0.001910
22 754 0.001895
22 744 0.001864
22 734 0.001836
22 724 0.001819
22 714 0.001785
22 704 0.001760
22 694 0.001749
22 684 0.001787
22 674 0.001685
22 664 0.001670
22 654 0.001637
22 644 0.001606
22 634 0.001597
22 624 0.001557
22 614 0.001537
22 604 0.001518
22 594 0.001488
22 584 0.001458
22 574 0.001446
22 564 0.001409
22 554 0.001389
22 544 0.001359
22 534 0.001343
22 524 0.001315
22 514 0.001288
22 504 0.001259
22 494 0.001250
22 484 0.001218
22 474 0.001185
22 464 0.001160
22 454 0.001148
22 444 0.001112
22 434 0.001086
22 424 0.001126
22 414 0.001047
22 404 0.001023
22 394 0.000988
22 384 0.000962
22 374 0.000936
22 364 0.000920
22 354 0.000892
22 344 0.000868
22 334 0.000838
22 324 0.000812
22 314 0.000787
22 304 0.000768
22 294 0.000738
22 284 0.000722
22 274 0.000684
22 264 0.000664
22 254 0.000639
22 244 0.000608
22 234 0.000588
22 224 0.000579
22 214 0.000534
22 204 0.000523
22 194 0.000484
22 184 0.000473
22 174 0.000434
22 164 0.000410
22 154 0.000393
22 144 0.000360
22 134 0.000336
22 124 0.000317
22 114 0.000286
22 104 0.000260
22 94 0.000253
22 84 0.000210
22 74 0.000186
22 64 0.000161
22 54 0.000136
22 44 0.000111
22 34 0.000086
22 24 0.000068
22 14 0.000039
22 4 0.000012
21 1024 0.002561
21 1014 0.002550
21 1004 0.002510
21 994 0.002499
21 984 0.002467
21 974 0.002451
21 964 0.002417
21 954 0.002391
21 944 0.002376
21 934 0.002332
21 924 0.002333
21 914 0.002284
21 904 0.002286
21 894 0.002235
21 884 0.002235
21 874 0.002186
21 864 0.002167
21 854 0.002151
21 844 0.002115
21 834 0.002103
21 824 0.002060
21 814 0.002035
21 804 0.002019
21 794 0.001989
21 784 0.001968
21 774 0.001936
21 764 0.001909
21 754 0.001895
21 744 0.001866
21 734 0.001836
21 724 0.001821
21 714 0.001781
21 704 0.001760
21 694 0.001745
21 684 0.001711
21 674 0.001681
21 664 0.001670
21 654 0.001643
21 644 0.001608
21 634 0.001599
21 624 0.001562
21 614 0.001537
21 604 0.001528
21 594 0.001489
21 584 0.001458
21 574 0.001449
21 564 0.001409
21 554 0.001388
21 544 0.001358
21 534 0.001343
21 524 0.001316
21 514 0.001285
21 504 0.001259
21 494 0.001249
21 484 0.001211
21 474 0.001185
21 464 0.001162
21 454 0.001145
21 444 0.001111
21 434 0.001086
21 424 0.001064
21 414 0.001040
21 404 0.001021
21 394 0.000991
21 384 0.000962
21 374 0.000931
21 364 0.000911
21 354 0.000886
21 344 0.000871
21 334 0.000837
21 324 0.000820
21 314 0.000792
21 304 0.000757
21 294 0.000749
21 284 0.000728
21 274 0.000690
21 264 0.000658
21 254 0.000639
21 244 0.000608
21 234 0.000589
21 224 0.000563
21 214 0.000541
21 204 0.000520
21 194 0.000494
21 184 0.000467
21 174 0.000437
21 164 0.000413
21 154 0.000394
21 144 0.000360
21 134 0.000343
21 124 0.000312
21 114 0.000286
21 104 0.000260
21 94 0.000242
21 84 0.000210
21 74 0.000186
21 64 0.000161
21 54 0.000136
21 44 0.000113
21 34 0.000092
21 24 0.000062
21 14 0.000040
21 4 0.000012
20 1024 0.002577
20 1014 0.002533
20 1004 0.002523
20 994 0.002492
20 984 0.002469
20 974 0.002443
20 964 0.002415
20 954 0.002386
20 944 0.002366
20 934 0.002332
20 924 0.002320
20 914 0.002282
20 904 0.002269
20 894 0.002233
20 884 0.002210
20 874 0.002192
20 864 0.002158
20 854 0.002144
20 844 0.002109
20 834 0.002091
20 824 0.002063
20 814 0.002034
20 804 0.002024
20 794 0.001995
20 784 0.001969
20 774 0.001938
20 764 0.001910
20 754 0.001896
20 744 0.001862
20 734 0.001834
20 724 0.001819
20 714 0.001781
20 704 0.001766
20 694 0.001752
20 684 0.001711
20 674 0.001682
20 664 0.001671
20 654 0.001638
20 644 0.001607
20 634 0.001596
20 624 0.001558
20 614 0.001537
20 604 0.001517
20 594 0.001489
20 584 0.001457
20 574 0.001440
20 564 0.001418
20 554 0.001399
20 544 0.001359
20 534 0.001347
20 524 0.001315
20 514 0.001287
20 504 0.001264
20 494 0.001253
20 484 0.001210
20 474 0.001185
20 464 0.001163
20 454 0.001136
20 444 0.001119
20 434 0.001086
20 424 0.001066
20 414 0.001036
20 404 0.001021
20 394 0.000992
20 384 0.000962
20 374 0.000932
20 364 0.000911
20 354 0.000887
20 344 0.000871
20 334 0.000838
20 324 0.000813
20 314 0.000796
20 304 0.000757
20 294 0.000739
20 284 0.000723
20 274 0.000690
20 264 0.000658
20 254 0.000639
20 244 0.000611
20 234 0.000590
20 224 0.000564
20 214 0.000533
20 204 0.000514
20 194 0.000493
20 184 0.000465
20 174 0.000434
20 164 0.000409
20 154 0.000390
20 144 0.000359
20 134 0.000340
20 124 0.000310
20 114 0.000285
20 104 0.000260
20 94 0.000242
20 84 0.000217
20 74 0.000185
20 64 0.000161
20 54 0.000136
20 44 0.000111
20 34 0.000092
20 24 0.000061
20 14 0.000036
20 4 0.000012
19 1024 0.002564
19 1014 0.002535
19 1004 0.002513
19 994 0.002490
19 984 0.002488
19 974 0.002448
19 964 0.002418
19 954 0.002393
19 944 0.002369
19 934 0.002333
19 924 0.002322
19 914 0.002292
19 904 0.002268
19 894 0.002233
19 884 0.002211
19 874 0.002192
19 864 0.002157
19 854 0.002145
19 844 0.002109
19 834 0.002098
19 824 0.002059
19 814 0.002033
19 804 0.002025
19 794 0.001984
19 784 0.001970
19 774 0.001939
19 764 0.001910
19 754 0.001895
19 744 0.001865
19 734 0.001836
19 724 0.001823
19 714 0.001782
19 704 0.001761
19 694 0.001745
19 684 0.001710
19 674 0.001681
19 664 0.001675
19 654 0.001639
19 644 0.001607
19 634 0.001600
19 624 0.001558
19 614 0.001539
19 604 0.001518
19 594 0.001488
19 584 0.001458
19 574 0.001437
19 564 0.001420
19 554 0.001388
19 544 0.001359
19 534 0.001343
19 524 0.001314
19 514 0.001284
19 504 0.001260
19 494 0.001255
19 484 0.001210
19 474 0.001185
19 464 0.001160
19 454 0.001135
19 444 0.001120
19 434 0.001086
19 424 0.001062
19 414 0.001040
19 404 0.001011
19 394 0.000996
19 384 0.000960
19 374 0.000931
19 364 0.000911
19 354 0.000887
19 344 0.000875
19 334 0.000838
19 324 0.000813
19 314 0.000787
19 304 0.000757
19 294 0.000739
19 284 0.000717
19 274 0.000692
19 264 0.000664
19 254 0.000638
19 244 0.000608
19 234 0.000588
19 224 0.000564
19 214 0.000534
19 204 0.000514
19 194 0.000496
19 184 0.000471
19 174 0.000434
19 164 0.000409
19 154 0.000390
19 144 0.000361
19 134 0.000335
19 124 0.000315
19 114 0.000285
19 104 0.000260
19 94 0.000242
19 84 0.000211
19 74 0.000185
19 64 0.000160
19 54 0.000136
19 44 0.000110
19 34 0.000086
19 24 0.000066
19 14 0.000037
19 4 0.000013
18 1024 0.002564
18 1014 0.002534
18 1004 0.002514
18 994 0.002482
18 984 0.002467
18 974 0.002434
18 964 0.002419
18 954 0.002380
18 944 0.002370
18 934 0.002330
18 924 0.002318
18 914 0.002286
18 904 0.002276
18 894 0.002234
18 884 0.002207
18 874 0.002198
18 864 0.002157
18 854 0.002145
18 844 0.002108
18 834 0.002087
18 824 0.002064
18 814 0.002034
18 804 0.002020
18 794 0.001985
18 784 0.001959
18 774 0.001944
18 764 0.001909
18 754 0.001897
18 744 0.001861
18 734 0.001839
18 724 0.001822
18 714 0.001782
18 704 0.001759
18 694 0.001747
18 684 0.001710
18 674 0.001682
18 664 0.001681
18 654 0.001638
18 644 0.001613
18 634 0.001602
18 624 0.001559
18 614 0.001545
18 604 0.001521
18 594 0.001495
18 584 0.001458
18 574 0.001438
18 564 0.001419
18 554 0.001389
18 544 0.001358
18 534 0.001335
18 524 0.001323
18 514 0.001284
18 504 0.001259
18 494 0.001235
18 484 0.001222
18 474 0.001186
18 464 0.001160
18 454 0.001134
18 444 0.001119
18 434 0.001086
18 424 0.001061
18 414 0.001035
18 404 0.001015
18 394 0.000996
18 384 0.000963
18 374 0.000937
18 364 0.000912
18 354 0.000886
18 344 0.000870
18 334 0.000842
18 324 0.000813
18 314 0.000782
18 304 0.000763
18 294 0.000738
18 284 0.000719
18 274 0.000692
18 264 0.000664
18 254 0.000639
18 244 0.000609
18 234 0.000589
18 224 0.000559
18 214 0.000539
18 204 0.000508
18 194 0.000490
18 184 0.000468
18 174 0.000440
18 164 0.000410
18 154 0.000390
18 144 0.000360
18 134 0.000335
18 124 0.000315
18 114 0.000290
18 104 0.000261
18 94 0.000242
18 84 0.000211
18 74 0.000186
18 64 0.000161
18 54 0.000137
18 44 0.000111
18 34 0.000086
18 24 0.000061
18 14 0.000042
18 4 0.000014
17 1024 0.002569
17 1014 0.002539
17 1004 0.002514
17 994 0.002493
17 984 0.002464
17 974 0.002434
17 964 0.002417
17 954 0.002382
17 944 0.002372
17 934 0.002337
17 924 0.002315
17 914 0.002287
17 904 0.002262
17 894 0.002235
17 884 0.002207
17 874 0.002196
17 864 0.002158
17 854 0.002143
17 844 0.002109
17 834 0.002084
17 824 0.002072
17 814 0.002035
17 804 0.002019
17 794 0.001984
17 784 0.001959
17 774 0.001945
17 764 0.001909
17 754 0.001893
17 744 0.001860
17 734 0.001835
17 724 0.001814
17 714 0.001785
17 704 0.001769
17 694 0.001749
17 684 0.001707
17 674 0.001694
17 664 0.001672
17 654 0.001639
17 644 0.001612
17 634 0.001599
17 624 0.001558
17 614 0.001536
17 604 0.001513
17 594 0.001492
17 584 0.001458
17 574 0.001438
17 564 0.001419
17 554 0.001389
17 544 0.001359
17 534 0.001334
17 524 0.001328
17 514 0.001284
17 504 0.001260
17 494 0.001237
17 484 0.001226
17 474 0.001185
17 464 0.001160
17 454 0.001135
17 444 0.001120
17 434 0.001086
17 424 0.001061
17 414 0.001036
17 404 0.001011
17 394 0.001001
17 384 0.000963
17 374 0.000940
17 364 0.000911
17 354 0.000887
17 344 0.000862
17 334 0.000847
17 324 0.000814
17 314 0.000781
17 304 0.000763
17 294 0.000738
17 284 0.000713
17 274 0.000692
17 264 0.000664
17 254 0.000638
17 244 0.000609
17 234 0.000590
17 224 0.000559
17 214 0.000540
17 204 0.000509
17 194 0.000489
17 184 0.000468
17 174 0.000440
17 164 0.000409
17 154 0.000390
17 144 0.000359
17 134 0.000335
17 124 0.000316
17 114 0.000285
17 104 0.000262
17 94 0.000235
17 84 0.000223
17 74 0.000186
17 64 0.000160
17 54 0.000136
17 44 0.000114
17 34 0.000086
17 24 0.000061
17 14 0.000037
17 4 0.000012
16 1024 0.002568
16 1014 0.002534
16 1004 0.002516
16 994 0.002491
16 984 0.002466
16 974 0.002431
16 964 0.002426
16 954 0.002385
16 944 0.002371
16 934 0.002332
16 924 0.002316
16 914 0.002286
16 904 0.002261
16 894 0.002243
16 884 0.002207
16 874 0.002193
16 864 0.002156
16 854 0.002145
16 844 0.002110
16 834 0.002082
16 824 0.002072
16 814 0.002034
16 804 0.002021
16 794 0.001985
16 784 0.001959
16 774 0.001944
16 764 0.001910
16 754 0.001897
16 744 0.001868
16 734 0.001840
16 724 0.001815
16 714 0.001787
16 704 0.001760
16 694 0.001747
16 684 0.001707
16 674 0.001686
16 664 0.001671
16 654 0.001632
16 644 0.001615
16 634 0.001596
16 624 0.001557
16 614 0.001536
16 604 0.001508
16 594 0.001498
16 584 0.001458
16 574 0.001438
16 564 0.001418
16 554 0.001385
16 544 0.001362
16 534 0.001333
16 524 0.001318
16 514 0.001293
16 504 0.001260
16 494 0.001241
16 484 0.001219
16 474 0.001189
16 464 0.001160
16 454 0.001135
16 444 0.001119
16 434 0.001087
16 424 0.001061
16 414 0.001038
16 404 0.001011
16 394 0.001001
16 384 0.000967
16 374 0.000942
16 364 0.000915
16 354 0.000893
16 344 0.000863
16 334 0.000847
16 324 0.000817
16 314 0.000782
16 304 0.000764
16 294 0.000740
16 284 0.000713
16 274 0.000682
16 264 0.000673
16 254 0.000639
16 244 0.000608
16 234 0.000588
16 224 0.000558
16 214 0.000539
16 204 0.000509
16 194 0.000489
16 184 0.000466
16 174 0.000449
16 164 0.000409
16 154 0.000392
16 144 0.000359
16 134 0.000335
16 124 0.000316
16 114 0.000285
16 104 0.000261
16 94 0.000235
16 84 0.000219
16 74 0.000186
16 64 0.000161
16 54 0.000136
16 44 0.000111
16 34 0.000086
16 24 0.000061
16 14 0.000037
16 4 0.000011
15 1024 0.002569
15 1014 0.002529
15 1004 0.002522
15 994 0.002479
15 984 0.002470
15 974 0.002429
15 964 0.002423
15 954 0.002381
15 944 0.002371
15 934 0.002332
15 924 0.002311
15 914 0.002287
15 904 0.002268
15 894 0.002247
15 884 0.002207
15 874 0.002199
15 864 0.002164
15 854 0.002142
15 844 0.002109
15 834 0.002083
15 824 0.002070
15 814 0.002034
15 804 0.002019
15 794 0.001988
15 784 0.001959
15 774 0.001947
15 764 0.001910
15 754 0.001884
15 744 0.001869
15 734 0.001831
15 724 0.001822
15 714 0.001787
15 704 0.001760
15 694 0.001745
15 684 0.001707
15 674 0.001685
15 664 0.001671
15 654 0.001633
15 644 0.001611
15 634 0.001586
15 624 0.001573
15 614 0.001537
15 604 0.001511
15 594 0.001505
15 584 0.001459
15 574 0.001437
15 564 0.001417
15 554 0.001385
15 544 0.001363
15 534 0.001334
15 524 0.001319
15 514 0.001290
15 504 0.001259
15 494 0.001234
15 484 0.001220
15 474 0.001190
15 464 0.001163
15 454 0.001139
15 444 0.001112
15 434 0.001095
15 424 0.001061
15 414 0.001037
15 404 0.001011
15 394 0.000986
15 384 0.000976
15 374 0.000937
15 364 0.000912
15 354 0.000887
15 344 0.000865
15 334 0.000846
15 324 0.000807
15 314 0.000787
15 304 0.000763
15 294 0.000743
15 284 0.000707
15 274 0.000688
15 264 0.000672
15 254 0.000633
15 244 0.000625
15 234 0.000589
15 224 0.000558
15 214 0.000539
15 204 0.000510
15 194 0.000489
15 184 0.000459
15 174 0.000445
15 164 0.000415
15 154 0.000385
15 144 0.000366
15 134 0.000359
15 124 0.000318
15 114 0.000288
15 104 0.000261
15 94 0.000236
15 84 0.000217
15 74 0.000188
15 64 0.000162
15 54 0.000136
15 44 0.000111
15 34 0.000086
15 24 0.000066
15 14 0.000036
15 4 0.000011
14 1024 0.002578
14 1014 0.002540
14 1004 0.002525
14 994 0.002483
14 984 0.002470
14 974 0.002432
14 964 0.002420
14 954 0.002383
14 944 0.002371
14 934 0.002336
14 924 0.002307
14 914 0.002300
14 904 0.002261
14 894 0.002245
14 884 0.002216
14 874 0.002191
14 864 0.002164
14 854 0.002137
14 844 0.002115
14 834 0.002107
14 824 0.002069
14 814 0.002041
14 804 0.002017
14 794 0.001990
14 784 0.001959
14 774 0.001945
14 764 0.001909
14 754 0.001885
14 744 0.001870
14 734 0.001831
14 724 0.001810
14 714 0.001794
14 704 0.001767
14 694 0.001745
14 684 0.001707
14 674 0.001687
14 664 0.001671
14 654 0.001633
14 644 0.001612
14 634 0.001586
14 624 0.001567
14 614 0.001541
14 604 0.001508
14 594 0.001501
14 584 0.001458
14 574 0.001438
14 564 0.001414
14 554 0.001393
14 544 0.001364
14 534 0.001336
14 524 0.001319
14 514 0.001294
14 504 0.001263
14 494 0.001234
14 484 0.001219
14 474 0.001190
14 464 0.001160
14 454 0.001135
14 444 0.001110
14 434 0.001095
14 424 0.001061
14 414 0.001036
14 404 0.001012
14 394 0.000994
14 384 0.000973
14 374 0.000939
14 364 0.000912
14 354 0.000887
14 344 0.000862
14 334 0.000846
14 324 0.000807
14 314 0.000788
14 304 0.000763
14 294 0.000738
14 284 0.000708
14 274 0.000689
14 264 0.000676
14 254 0.000634
14 244 0.000614
14 234 0.000590
14 224 0.000558
14 214 0.000540
14 204 0.000509
14 194 0.000489
14 184 0.000459
14 174 0.000442
14 164 0.000420
14 154 0.000385
14 144 0.000366
14 134 0.000335
14 124 0.000310
14 114 0.000292
14 104 0.000260
14 94 0.000236
14 84 0.000217
14 74 0.000192
14 64 0.000160
14 54 0.000136
14 44 0.000111
14 34 0.000086
14 24 0.000061
14 14 0.000036
14 4 0.000011
13 1024 0.002569
13 1014 0.002529
13 1004 0.002523
13 994 0.002479
13 984 0.002470
13 974 0.002430
13 964 0.002422
13 954 0.002380
13 944 0.002369
13 934 0.002334
13 924 0.002309
13 914 0.002295
13 904 0.002263
13 894 0.002246
13 884 0.002207
13 874 0.002194
13 864 0.002164
13 854 0.002133
13 844 0.002117
13 834 0.002084
13 824 0.002071
13 814 0.002035
13 804 0.002020
13 794 0.001992
13 784 0.001960
13 774 0.001945
13 764 0.001913
13 754 0.001885
13 744 0.001870
13 734 0.001843
13 724 0.001816
13 714 0.001797
13 704 0.001769
13 694 0.001736
13 684 0.001717
13 674 0.001688
13 664 0.001662
13 654 0.001642
13 644 0.001612
13 634 0.001583
13 624 0.001572
13 614 0.001537
13 604 0.001507
13 594 0.001498
13 584 0.001459
13 574 0.001434
13 564 0.001412
13 554 0.001394
13 544 0.001365
13 534 0.001335
13 524 0.001317
13 514 0.001290
13 504 0.001259
13 494 0.001245
13 484 0.001210
13 474 0.001198
13 464 0.001160
13 454 0.001136
13 444 0.001112
13 434 0.001095
13 424 0.001061
13 414 0.001035
13 404 0.001011
13 394 0.000987
13 384 0.000972
13 374 0.000937
13 364 0.000911
13 354 0.000891
13 344 0.000862
13 334 0.000838
13 324 0.000816
13 314 0.000788
13 304 0.000764
13 294 0.000742
13 284 0.000707
13 274 0.000688
13 264 0.000664
13 254 0.000643
13 244 0.000614
13 234 0.000589
13 224 0.000561
13 214 0.000539
13 204 0.000509
13 194 0.000489
13 184 0.000465
13 174 0.000440
13 164 0.000415
13 154 0.000390
13 144 0.000366
13 134 0.000335
13 124 0.000310
13 114 0.000290
13 104 0.000260
13 94 0.000236
13 84 0.000210
13 74 0.000191
13 64 0.000161
13 54 0.000136
13 44 0.000111
13 34 0.000086
13 24 0.000062
13 14 0.000037
13 4 0.000012
12 1024 0.002570
12 1014 0.002540
12 1004 0.002520
12 994 0.002481
12 984 0.002472
12 974 0.002430
12 964 0.002423
12 954 0.002381
12 944 0.002356
12 934 0.002348
12 924 0.002310
12 914 0.002301
12 904 0.002270
12 894 0.002244
12 884 0.002212
12 874 0.002193
12 864 0.002167
12 854 0.002132
12 844 0.002119
12 834 0.002083
12 824 0.002069
12 814 0.002034
12 804 0.002009
12 794 0.001994
12 784 0.001959
12 774 0.001950
12 764 0.001917
12 754 0.001886
12 744 0.001871
12 734 0.001831
12 724 0.001816
12 714 0.001796
12 704 0.001760
12 694 0.001731
12 684 0.001721
12 674 0.001686
12 664 0.001661
12 654 0.001642
12 644 0.001612
12 634 0.001583
12 624 0.001576
12 614 0.001538
12 604 0.001513
12 594 0.001503
12 584 0.001459
12 574 0.001433
12 564 0.001412
12 554 0.001393
12 544 0.001363
12 534 0.001333
12 524 0.001310
12 514 0.001299
12 504 0.001260
12 494 0.001235
12 484 0.001209
12 474 0.001195
12 464 0.001166
12 454 0.001136
12 444 0.001113
12 434 0.001099
12 424 0.001062
12 414 0.001036
12 404 0.001012
12 394 0.000987
12 384 0.000972
12 374 0.000941
12 364 0.000915
12 354 0.000887
12 344 0.000862
12 334 0.000837
12 324 0.000817
12 314 0.000788
12 304 0.000763
12 294 0.000743
12 284 0.000708
12 274 0.000687
12 264 0.000666
12 254 0.000642
12 244 0.000614
12 234 0.000589
12 224 0.000558
12 214 0.000540
12 204 0.000508
12 194 0.000489
12 184 0.000459
12 174 0.000444
12 164 0.000409
12 154 0.000395
12 144 0.000366
12 134 0.000335
12 124 0.000310
12 114 0.000291
12 104 0.000260
12 94 0.000235
12 84 0.000211
12 74 0.000192
12 64 0.000161
12 54 0.000136
12 44 0.000111
12 34 0.000086
12 24 0.000062
12 14 0.000036
12 4 0.000011
11 1024 0.002573
11 1014 0.002535
11 1004 0.002522
11 994 0.002481
11 984 0.002468
11 974 0.002431
11 964 0.002414
11 954 0.002394
11 944 0.002357
11 934 0.002346
11 924 0.002306
11 914 0.002292
11 904 0.002261
11 894 0.002243
11 884 0.002208
11 874 0.002186
11 864 0.002163
11 854 0.002136
11 844 0.002118
11 834 0.002087
11 824 0.002071
11 814 0.002034
11 804 0.002014
11 794 0.002005
11 784 0.001964
11 774 0.001943
11 764 0.001911
11 754 0.001884
11 744 0.001864
11 734 0.001836
11 724 0.001814
11 714 0.001797
11 704 0.001767
11 694 0.001731
11 684 0.001722
11 674 0.001686
11 664 0.001657
11 654 0.001646
11 644 0.001623
11 634 0.001585
11 624 0.001571
11 614 0.001533
11 604 0.001512
11 594 0.001486
11 584 0.001469
11 574 0.001434
11 564 0.001412
11 554 0.001392
11 544 0.001366
11 534 0.001334
11 524 0.001309
11 514 0.001308
11 504 0.001264
11 494 0.001244
11 484 0.001213
11 474 0.001195
11 464 0.001172
11 454 0.001139
11 444 0.001111
11 434 0.001088
11 424 0.001071
11 414 0.001036
11 404 0.001013
11 394 0.000992
11 384 0.000961
11 374 0.000946
11 364 0.000916
11 354 0.000888
11 344 0.000863
11 334 0.000832
11 324 0.000821
11 314 0.000788
11 304 0.000765
11 294 0.000739
11 284 0.000708
11 274 0.000688
11 264 0.000664
11 254 0.000633
11 244 0.000624
11 234 0.000589
11 224 0.000558
11 214 0.000539
11 204 0.000509
11 194 0.000489
11 184 0.000459
11 174 0.000440
11 164 0.000409
11 154 0.000385
11 144 0.000376
11 134 0.000335
11 124 0.000311
11 114 0.000292
11 104 0.000261
11 94 0.000235
11 84 0.000217
11 74 0.000192
11 64 0.000161
11 54 0.000136
11 44 0.000110
11 34 0.000086
11 24 0.000061
11 14 0.000036
11 4 0.000011
10 1024 0.002568
10 1014 0.002538
10 1004 0.002519
10 994 0.002480
10 984 0.002461
10 974 0.002452
10 964 0.002409
10 954 0.002396
10 944 0.002356
10 934 0.002346
10 924 0.002356
10 914 0.002296
10 904 0.002269
10 894 0.002243
10 884 0.002211
10 874 0.002185
10 864 0.002168
10 854 0.002137
10 844 0.002118
10 834 0.002083
10 824 0.002069
10 814 0.002040
10 804 0.002015
10 794 0.001998
10 784 0.001959
10 774 0.001934
10 764 0.001921
10 754 0.001886
10 744 0.001866
10 734 0.001832
10 724 0.001810
10 714 0.001801
10 704 0.001761
10 694 0.001735
10 684 0.001728
10 674 0.001688
10 664 0.001662
10 654 0.001649
10 644 0.001612
10 634 0.001582
10 624 0.001572
10 614 0.001533
10 604 0.001512
10 594 0.001484
10 584 0.001475
10 574 0.001433
10 564 0.001412
10 554 0.001393
10 544 0.001363
10 534 0.001335
10 524 0.001309
10 514 0.001299
10 504 0.001266
10 494 0.001235
10 484 0.001210
10 474 0.001195
10 464 0.001166
10 454 0.001137
10 444 0.001124
10 434 0.001122
10 424 0.001079
10 414 0.001036
10 404 0.001020
10 394 0.000986
10 384 0.000969
10 374 0.000946
10 364 0.000936
10 354 0.000896
10 344 0.000865
10 334 0.000851
10 324 0.000815
10 314 0.000796
10 304 0.000766
10 294 0.000743
10 284 0.000727
10 274 0.000706
10 264 0.000668
10 254 0.000633
10 244 0.000624
10 234 0.000590
10 224 0.000559
10 214 0.000539
10 204 0.000508
10 194 0.000497
10 184 0.000459
10 174 0.000441
10 164 0.000409
10 154 0.000390
10 144 0.000371
10 134 0.000335
10 124 0.000317
10 114 0.000285
10 104 0.000261
10 94 0.000235
10 84 0.000217
10 74 0.000186
10 64 0.000161
10 54 0.000136
10 44 0.000111
10 34 0.000087
10 24 0.000064
10 14 0.000037
10 4 0.000011
9 1024 0.002569
9 1014 0.002529
9 1004 0.002520
9 994 0.002482
9 984 0.002464
9 974 0.002440
9 964 0.002411
9 954 0.002391
9 944 0.002360
9 934 0.002341
9 924 0.002308
9 914 0.002298
9 904 0.002260
9 894 0.002245
9 884 0.002213
9 874 0.002187
9 864 0.002177
9 854 0.002133
9 844 0.002119
9 834 0.002083
9 824 0.002068
9 814 0.002035
9 804 0.002008
9 794 0.001995
9 784 0.001960
9 774 0.001935
9 764 0.001919
9 754 0.001888
9 744 0.001872
9 734 0.001831
9 724 0.001813
9 714 0.001795
9 704 0.001761
9 694 0.001735
9 684 0.001717
9 674 0.001687
9 664 0.001661
9 654 0.001644
9 644 0.001618
9 634 0.001583
9 624 0.001571
9 614 0.001543
9 604 0.001514
9 594 0.001487
9 584 0.001471
9 574 0.001439
9 564 0.001409
9 554 0.001394
9 544 0.001367
9 534 0.001337
9 524 0.001309
9 514 0.001301
9 504 0.001261
9 494 0.001235
9 484 0.001210
9 474 0.001201
9 464 0.001160
9 454 0.001135
9 444 0.001110
9 434 0.001085
9 424 0.001070
9 414 0.001037
9 404 0.001011
9 394 0.000989
9 384 0.000962
9 374 0.000950
9 364 0.000915
9 354 0.000891
9 344 0.000863
9 334 0.000838
9 324 0.000806
9 314 0.000799
9 304 0.000764
9 294 0.000744
9 284 0.000708
9 274 0.000690
9 264 0.000664
9 254 0.000633
9 244 0.000623
9 234 0.000590
9 224 0.000560
9 214 0.000539
9 204 0.000509
9 194 0.000489
9 184 0.000459
9 174 0.000440
9 164 0.000409
9 154 0.000384
9 144 0.000366
9 134 0.000348
9 124 0.000310
9 114 0.000302
9 104 0.000261
9 94 0.000235
9 84 0.000212
9 74 0.000193
9 64 0.000164
9 54 0.000136
9 44 0.000111
9 34 0.000086
9 24 0.000061
9 14 0.000036
9 4 0.000011
8 1024 0.002557
8 1014 0.002550
8 1004 0.002513
8 994 0.002491
8 984 0.002460
8 974 0.002445
8 964 0.002413
8 954 0.002394
8 944 0.002359
8 934 0.002348
8 924 0.002306
8 914 0.002293
8 904 0.002261
8 894 0.002242
8 884 0.002209
8 874 0.002189
8 864 0.002172
8 854 0.002134
8 844 0.002120
8 834 0.002087
8 824 0.002058
8 814 0.002043
8 804 0.002008
8 794 0.002000
8 784 0.001959
8 774 0.001933
8 764 0.001922
8 754 0.001884
8 744 0.001870
8 734 0.001832
8 724 0.001810
8 714 0.001798
8 704 0.001767
8 694 0.001736
8 684 0.001716
8 674 0.001686
8 664 0.001661
8 654 0.001642
8 644 0.001613
8 634 0.001582
8 624 0.001563
8 614 0.001544
8 604 0.001508
8 594 0.001490
8 584 0.001468
8 574 0.001434
8 564 0.001412
8 554 0.001390
8 544 0.001369
8 534 0.001334
8 524 0.001309
8 514 0.001298
8 504 0.001260
8 494 0.001235
8 484 0.001215
8 474 0.001185
8 464 0.001176
8 454 0.001140
8 444 0.001114
8 434 0.001086
8 424 0.001073
8 414 0.001038
8 404 0.001012
8 394 0.000992
8 384 0.000961
8 374 0.000946
8 364 0.000912
8 354 0.000887
8 344 0.000862
8 334 0.000836
8 324 0.000807
8 314 0.000796
8 304 0.000764
8 294 0.000737
8 284 0.000707
8 274 0.000690
8 264 0.000664
8 254 0.000633
8 244 0.000613
8 234 0.000599
8 224 0.000558
8 214 0.000540
8 204 0.000508
8 194 0.000490
8 184 0.000459
8 174 0.000441
8 164 0.000410
8 154 0.000384
8 144 0.000365
8 134 0.000336
8 124 0.000320
8 114 0.000296
8 104 0.000260
8 94 0.000236
8 84 0.000216
8 74 0.000192
8 64 0.000161
8 54 0.000136
8 44 0.000111
8 34 0.000086
8 24 0.000061
8 14 0.000036
8 4 0.000011
7 1024 0.002559
7 1014 0.002543
7 1004 0.002512
7 994 0.002490
7 984 0.002459
7 974 0.002442
7 964 0.002410
7 954 0.002393
7 944 0.002360
7 934 0.002348
7 924 0.002311
7 914 0.002292
7 904 0.002261
7 894 0.002232
7 884 0.002219
7 874 0.002184
7 864 0.002172
7 854 0.002138
7 844 0.002118
7 834 0.002083
7 824 0.002058
7 814 0.002051
7 804 0.002012
7 794 0.001995
7 784 0.001960
7 774 0.001934
7 764 0.001920
7 754 0.001885
7 744 0.001857
7 734 0.001846
7 724 0.001811
7 714 0.001794
7 704 0.001767
7 694 0.001732
7 684 0.001720
7 674 0.001692
7 664 0.001661
7 654 0.001651
7 644 0.001613
7 634 0.001583
7 624 0.001561
7 614 0.001543
7 604 0.001513
7 594 0.001484
7 584 0.001473
7 574 0.001433
7 564 0.001413
7 554 0.001384
7 544 0.001375
7 534 0.001334
7 524 0.001309
7 514 0.001288
7 504 0.001275
7 494 0.001236
7 484 0.001213
7 474 0.001185
7 464 0.001175
7 454 0.001136
7 444 0.001111
7 434 0.001086
7 424 0.001071
7 414 0.001036
7 404 0.001011
7 394 0.000986
7 384 0.000961
7 374 0.001006
7 364 0.000918
7 354 0.000887
7 344 0.000862
7 334 0.000837
7 324 0.000808
7 314 0.000796
7 304 0.000769
7 294 0.000738
7 284 0.000707
7 274 0.000692
7 264 0.000664
7 254 0.000633
7 244 0.000614
7 234 0.000601
7 224 0.000558
7 214 0.000539
7 204 0.000509
7 194 0.000496
7 184 0.000461
7 174 0.000440
7 164 0.000410
7 154 0.000387
7 144 0.000365
7 134 0.000335
7 124 0.000315
7 114 0.000297
7 104 0.000260
7 94 0.000236
7 84 0.000211
7 74 0.000191
7 64 0.000160
7 54 0.000136
7 44 0.000112
7 34 0.000086
7 24 0.000062
7 14 0.000036
7 4 0.000011
6 1024 0.002558
6 1014 0.002540
6 1004 0.002510
6 994 0.002493
6 984 0.002463
6 974 0.002442
6 964 0.002416
6 954 0.002393
6 944 0.002356
6 934 0.002348
6 924 0.002307
6 914 0.002298
6 904 0.002262
6 894 0.002238
6 884 0.002219
6 874 0.002191
6 864 0.002169
6 854 0.002146
6 844 0.002120
6 834 0.002084
6 824 0.002059
6 814 0.002044
6 804 0.002009
6 794 0.001994
6 784 0.001960
6 774 0.001934
6 764 0.001920
6 754 0.001885
6 744 0.001855
6 734 0.001846
6 724 0.001810
6 714 0.001786
6 704 0.001770
6 694 0.001731
6 684 0.001711
6 674 0.001695
6 664 0.001661
6 654 0.001633
6 644 0.001631
6 634 0.001586
6 624 0.001563
6 614 0.001550
6 604 0.001526
6 594 0.001494
6 584 0.001471
6 574 0.001437
6 564 0.001419
6 554 0.001384
6 544 0.001377
6 534 0.001334
6 524 0.001312
6 514 0.001290
6 504 0.001270
6 494 0.001238
6 484 0.001210
6 474 0.001185
6 464 0.001175
6 454 0.001136
6 444 0.001110
6 434 0.001085
6 424 0.001061
6 414 0.001045
6 404 0.001011
6 394 0.000985
6 384 0.000962
6 374 0.000938
6 364 0.000921
6 354 0.000888
6 344 0.000866
6 334 0.000840
6 324 0.000806
6 314 0.000788
6 304 0.000774
6 294 0.000745
6 284 0.000708
6 274 0.000688
6 264 0.000664
6 254 0.000632
6 244 0.000618
6 234 0.000604
6 224 0.000558
6 214 0.000541
6 204 0.000522
6 194 0.000492
6 184 0.000459
6 174 0.000441
6 164 0.000409
6 154 0.000385
6 144 0.000365
6 134 0.000335
6 124 0.000310
6 114 0.000301
6 104 0.000261
6 94 0.000236
6 84 0.000211
6 74 0.000193
6 64 0.000161
6 54 0.000136
6 44 0.000110
6 34 0.000086
6 24 0.000061
6 14 0.000037
6 4 0.000012
5 1024 0.002558
5 1014 0.002552
5 1004 0.002515
5 994 0.002494
5 984 0.002460
5 974 0.002442
5 964 0.002421
5 954 0.002402
5 944 0.002357
5 934 0.002348
5 924 0.002307
5 914 0.002287
5 904 0.002269
5 894 0.002233
5 884 0.002218
5 874 0.002183
5 864 0.002171
5 854 0.002137
5 844 0.002113
5 834 0.002090
5 824 0.002058
5 814 0.002045
5 804 0.002009
5 794 0.001987
5 784 0.001970
5 774 0.001939
5 764 0.001921
5 754 0.001886
5 744 0.001858
5 734 0.001847
5 724 0.001812
5 714 0.001785
5 704 0.001777
5 694 0.001731
5 684 0.001711
5 674 0.001698
5 664 0.001661
5 654 0.001631
5 644 0.001623
5 634 0.001583
5 624 0.001560
5 614 0.001542
5 604 0.001514
5 594 0.001483
5 584 0.001476
5 574 0.001437
5 564 0.001414
5 554 0.001384
5 544 0.001374
5 534 0.001335
5 524 0.001309
5 514 0.001299
5 504 0.001270
5 494 0.001258
5 484 0.001213
5 474 0.001192
5 464 0.001179
5 454 0.001141
5 444 0.001114
5 434 0.001090
5 424 0.001067
5 414 0.001047
5 404 0.001012
5 394 0.000995
5 384 0.000961
5 374 0.000936
5 364 0.000923
5 354 0.000888
5 344 0.000862
5 334 0.000845
5 324 0.000840
5 314 0.000789
5 304 0.000773
5 294 0.000741
5 284 0.000708
5 274 0.000689
5 264 0.000663
5 254 0.000632
5 244 0.000617
5 234 0.000595
5 224 0.000570
5 214 0.000541
5 204 0.000509
5 194 0.000492
5 184 0.000459
5 174 0.000441
5 164 0.000409
5 154 0.000385
5 144 0.000368
5 134 0.000335
5 124 0.000310
5 114 0.000291
5 104 0.000289
5 94 0.000249
5 84 0.000218
5 74 0.000186
5 64 0.000161
5 54 0.000136
5 44 0.000111
5 34 0.000086
5 24 0.000061
5 14 0.000036
5 4 0.000012
4 1024 0.002561
4 1014 0.002541
4 1004 0.002511
4 994 0.002491
4 984 0.002460
4 974 0.002441
4 964 0.002410
4 954 0.002392
4 944 0.002370
4 934 0.002341
4 924 0.002315
4 914 0.002282
4 904 0.002275
4 894 0.002234
4 884 0.002219
4 874 0.002184
4 864 0.002172
4 854 0.002142
4 844 0.002108
4 834 0.002095
4 824 0.002063
4 814 0.002051
4 804 0.002014
4 794 0.001984
4 784 0.001970
4 774 0.001935
4 764 0.001919
4 754 0.001887
4 744 0.001860
4 734 0.001841
4 724 0.001811
4 714 0.001785
4 704 0.001771
4 694 0.001741
4 684 0.001707
4 674 0.001700
4 664 0.001661
4 654 0.001632
4 644 0.001622
4 634 0.001582
4 624 0.001564
4 614 0.001552
4 604 0.001509
4 594 0.001489
4 584 0.001458
4 574 0.001447
4 564 0.001409
4 554 0.001384
4 544 0.001372
4 534 0.001338
4 524 0.001310
4 514 0.001288
4 504 0.001275
4 494 0.001236
4 484 0.001210
4 474 0.001190
4 464 0.001171
4 454 0.001137
4 444 0.001110
4 434 0.001086
4 424 0.001061
4 414 0.001046
4 404 0.001012
4 394 0.000986
4 384 0.000962
4 374 0.000937
4 364 0.000921
4 354 0.000891
4 344 0.000863
4 334 0.000839
4 324 0.000807
4 314 0.000788
4 304 0.000762
4 294 0.000750
4 284 0.000710
4 274 0.000688
4 264 0.000664
4 254 0.000633
4 244 0.000613
4 234 0.000589
4 224 0.000564
4 214 0.000546
4 204 0.000509
4 194 0.000497
4 184 0.000459
4 174 0.000440
4 164 0.000409
4 154 0.000385
4 144 0.000365
4 134 0.000335
4 124 0.000310
4 114 0.000291
4 104 0.000260
4 94 0.000235
4 84 0.000221
4 74 0.000192
4 64 0.000161
4 54 0.000138
4 44 0.000111
4 34 0.000086
4 24 0.000062
4 14 0.000036
4 4 0.000011
3 1024 0.002559
3 1014 0.002540
3 1004 0.002510
3 994 0.002490
3 984 0.002463
3 974 0.002440
3 964 0.002411
3 954 0.002391
3 944 0.002358
3 934 0.002336
3 924 0.002317
3 914 0.002288
3 904 0.002272
3 894 0.002233
3 884 0.002222
3 874 0.002184
3 864 0.002172
3 854 0.002142
3 844 0.002109
3 834 0.002092
3 824 0.002059
3 814 0.002044
3 804 0.002012
3 794 0.001989
3 784 0.001972
3 774 0.001936
3 764 0.001915
3 754 0.001891
3 744 0.001860
3 734 0.001841
3 724 0.001810
3 714 0.001786
3 704 0.001771
3 694 0.001732
3 684 0.001711
3 674 0.001697
3 664 0.001767
3 654 0.001639
3 644 0.001623
3 634 0.001599
3 624 0.001558
3 614 0.001549
3 604 0.001517
3 594 0.001493
3 584 0.001466
3 574 0.001455
3 564 0.001409
3 554 0.001384
3 544 0.001391
3 534 0.001336
3 524 0.001311
3 514 0.001292
3 504 0.001269
3 494 0.001236
3 484 0.001212
3 474 0.001193
3 464 0.001161
3 454 0.001147
3 444 0.001110
3 434 0.001086
3 424 0.001061
3 414 0.001045
3 404 0.001012
3 394 0.000986
3 384 0.000963
3 374 0.000937
3 364 0.000912
3 354 0.000898
3 344 0.000862
3 334 0.000841
3 324 0.000811
3 314 0.000789
3 304 0.000762
3 294 0.000754
3 284 0.000714
3 274 0.000683
3 264 0.000667
3 254 0.000640
3 244 0.000609
3 234 0.000589
3 224 0.000558
3 214 0.000549
3 204 0.000509
3 194 0.000489
3 184 0.000459
3 174 0.000440
3 164 0.000409
3 154 0.000390
3 144 0.000360
3 134 0.000335
3 124 0.000316
3 114 0.000285
3 104 0.000262
3 94 0.000236
3 84 0.000222
3 74 0.000192
3 64 0.000161
3 54 0.000135
3 44 0.000111
3 34 0.000086
3 24 0.000061
3 14 0.000036
3 4 0.000014
2 1024 0.002560
2 1014 0.002546
2 1004 0.002516
2 994 0.002490
2 984 0.002460
2 974 0.002440
2 964 0.002410
2 954 0.002394
2 944 0.002361
2 934 0.002332
2 924 0.002316
2 914 0.002282
2 904 0.002272
2 894 0.002233
2 884 0.002218
2 874 0.002183
2 864 0.002172
2 854 0.002140
2 844 0.002110
2 834 0.002095
2 824 0.002060
2 814 0.002044
2 804 0.002009
2 794 0.001985
2 784 0.001973
2 774 0.001935
2 764 0.001913
2 754 0.001898
2 744 0.001861
2 734 0.001841
2 724 0.001811
2 714 0.001786
2 704 0.001780
2 694 0.001737
2 684 0.001706
2 674 0.001696
2 664 0.001661
2 654 0.001632
2 644 0.001622
2 634 0.001583
2 624 0.001564
2 614 0.001540
2 604 0.001515
2 594 0.001489
2 584 0.001458
2 574 0.001451
2 564 0.001410
2 554 0.001384
2 544 0.001364
2 534 0.001343
2 524 0.001310
2 514 0.001290
2 504 0.001262
2 494 0.001245
2 484 0.001210
2 474 0.001189
2 464 0.001165
2 454 0.001145
2 444 0.001111
2 434 0.001090
2 424 0.001061
2 414 0.001040
2 404 0.001027
2 394 0.000987
2 384 0.000961
2 374 0.000939
2 364 0.000912
2 354 0.000896
2 344 0.000863
2 334 0.000837
2 324 0.000806
2 314 0.000787
2 304 0.000763
2 294 0.000748
2 284 0.000707
2 274 0.000689
2 264 0.000664
2 254 0.000633
2 244 0.000613
2 234 0.000589
2 224 0.000558
2 214 0.000548
2 204 0.000509
2 194 0.000490
2 184 0.000459
2 174 0.000440
2 164 0.000409
2 154 0.000386
2 144 0.000365
2 134 0.000335
2 124 0.000310
2 114 0.000291
2 104 0.000265
2 94 0.000241
2 84 0.000211
2 74 0.000192
2 64 0.000170
2 54 0.000135
2 44 0.000114
2 34 0.000086
2 24 0.000061
2 14 0.000039
2 4 0.000012
1 1024 0.002559
1 1014 0.002539
1 1004 0.002510
1 994 0.002490
1 984 0.002461
1 974 0.002441
1 964 0.002411
1 954 0.002381
1 944 0.002366
1 934 0.002346
1 924 0.002324
1 914 0.002283
1 904 0.002282
1 894 0.002233
1 884 0.002216
1 874 0.002191
1 864 0.002162
1 854 0.002151
1 844 0.002108
1 834 0.002102
1 824 0.002062
1 814 0.002045
1 804 0.002024
1 794 0.001989
1 784 0.001979
1 774 0.001935
1 764 0.001911
1 754 0.001904
1 744 0.001863
1 734 0.001841
1 724 0.001831
1 714 0.001790
1 704 0.001839
1 694 0.001753
1 684 0.001715
1 674 0.001697
1 664 0.001676
1 654 0.001632
1 644 0.001620
1 634 0.001599
1 624 0.001559
1 614 0.001536
1 604 0.001529
1 594 0.001489
1 584 0.001457
1 574 0.001448
1 564 0.001420
1 554 0.001384
1 544 0.001365
1 534 0.001354
1 524 0.001314
1 514 0.001284
1 504 0.001265
1 494 0.001251
1 484 0.001220
1 474 0.001185
1 464 0.001160
1 454 0.001146
1 444 0.001122
1 434 0.001085
1 424 0.001061
1 414 0.001038
1 404 0.001021
1 394 0.000998
1 384 0.000964
1 374 0.000937
1 364 0.000912
1 354 0.000896
1 344 0.000878
1 334 0.000840
1 324 0.000812
1 314 0.000782
1 304 0.000763
1 294 0.000748
1 284 0.000719
1 274 0.000694
1 264 0.000664
1 254 0.000638
1 244 0.000608
1 234 0.000593
1 224 0.000558
1 214 0.000548
1 204 0.000511
1 194 0.000496
1 184 0.000470
1 174 0.000440
1 164 0.000410
1 154 0.000389
1 144 0.000360
1 134 0.000334
1 124 0.000316
1 114 0.000285
1 104 0.000260
1 94 0.000235
1 84 0.000219
1 74 0.000186
1 64 0.000172
1 54 0.000136
1 44 0.000111
1 34 0.000086
1 24 0.000061
1 14 0.000036
1 4 0.000018
