32 32 0.087127
32 31 0.087296
32 30 0.087011
32 29 0.086821
32 28 0.087175
32 27 0.087241
32 26 0.087244
32 25 0.086961
32 24 0.087138
32 23 0.087103
32 22 0.087946
32 21 0.086888
32 20 0.086807
32 19 0.086991
32 18 0.087270
32 17 0.087054
32 16 0.087058
32 15 0.087038
32 14 0.087163
32 13 0.087232
32 12 0.087148
32 11 0.087473
32 10 0.087165
32 9 0.087133
32 8 0.087313
32 7 0.075992
32 6 0.046336
32 5 0.041666
32 4 0.041682
32 3 0.041684
32 2 0.041506
32 1 0.041645
31 32 0.041627
31 31 0.041639
31 30 0.041638
31 29 0.041769
31 28 0.041655
31 27 0.041741
31 26 0.041680
31 25 0.041601
31 24 0.041632
31 23 0.041828
31 22 0.041542
31 21 0.041605
31 20 0.041674
31 19 0.041500
31 18 0.041683
31 17 0.041482
31 16 0.041584
31 15 0.041754
31 14 0.041770
31 13 0.041899
31 12 0.041767
31 11 0.041670
31 10 0.041731
31 9 0.041732
31 8 0.041908
31 7 0.041676
31 6 0.041701
31 5 0.041790
31 4 0.041666
31 3 0.041596
31 2 0.041563
31 1 0.041631
30 32 0.041472
30 31 0.041761
30 30 0.041498
30 29 0.041440
30 28 0.041720
30 27 0.041472
30 26 0.041854
30 25 0.041668
30 24 0.041627
30 23 0.041448
30 22 0.041618
30 21 0.041439
30 20 0.041579
30 19 0.041516
30 18 0.041637
30 17 0.041638
30 16 0.041640
30 15 0.041595
30 14 0.041756
30 13 0.041580
30 12 0.041428
30 11 0.041408
30 10 0.041586
30 9 0.041662
30 8 0.041553
30 7 0.041577
30 6 0.041691
30 5 0.041507
30 4 0.041611
30 3 0.041598
30 2 0.041719
30 1 0.041520
29 32 0.041583
29 31 0.041412
29 30 0.041469
29 29 0.041788
29 28 0.041515
29 27 0.041635
29 26 0.041781
29 25 0.041599
29 24 0.041618
29 23 0.041565
29 22 0.041616
29 21 0.041544
29 20 0.041782
29 19 0.041696
29 18 0.041687
29 17 0.041591
29 16 0.041431
29 15 0.041628
29 14 0.041505
29 13 0.041617
29 12 0.041517
29 11 0.041484
29 10 0.041450
29 9 0.041638
29 8 0.041452
29 7 0.041667
29 6 0.041702
29 5 0.041626
29 4 0.041693
29 3 0.041605
29 2 0.041698
29 1 0.041374
28 32 0.041469
28 31 0.041603
28 30 0.041521
28 29 0.041529
28 28 0.041646
28 27 0.041629
28 26 0.041389
28 25 0.041549
28 24 0.041780
28 23 0.041598
28 22 0.041642
28 21 0.041627
28 20 0.041405
28 19 0.041634
28 18 0.041528
28 17 0.041601
28 16 0.041525
28 15 0.041569
28 14 0.041637
28 13 0.041561
28 12 0.041937
28 11 0.041646
28 10 0.041627
28 9 0.041840
28 8 0.041553
28 7 0.041591
28 6 0.041711
28 5 0.041530
28 4 0.041485
28 3 0.041566
28 2 0.041426
28 1 0.041695
27 32 0.041625
27 31 0.041855
27 30 0.041771
27 29 0.041534
27 28 0.041576
27 27 0.041668
27 26 0.041689
27 25 0.041948
27 24 0.041602
27 23 0.041730
27 22 0.041637
27 21 0.041599
27 20 0.041624
27 19 0.041433
27 18 0.041573
27 17 0.041657
27 16 0.041489
27 15 0.041457
27 14 0.041444
27 13 0.041616
27 12 0.041654
27 11 0.041534
27 10 0.041476
27 9 0.041706
27 8 0.041579
27 7 0.041865
27 6 0.041685
27 5 0.041636
27 4 0.041651
27 3 0.041547
27 2 0.041598
27 1 0.041951
26 32 0.041674
26 31 0.041499
26 30 0.041660
26 29 0.041519
26 28 0.041452
26 27 0.041524
26 26 0.041590
26 25 0.041713
26 24 0.041471
26 23 0.041587
26 22 0.041485
26 21 0.041618
26 20 0.041770
26 19 0.041631
26 18 0.041596
26 17 0.041487
26 16 0.041558
26 15 0.041734
26 14 0.041642
26 13 0.041618
26 12 0.041686
26 11 0.041454
26 10 0.041655
26 9 0.041507
26 8 0.041722
26 7 0.041634
26 6 0.041481
26 5 0.041692
26 4 0.041453
26 3 0.041636
26 2 0.041632
26 1 0.041565
25 32 0.041760
25 31 0.041686
25 30 0.041630
25 29 0.041668
25 28 0.041512
25 27 0.041607
25 26 0.041546
25 25 0.041487
25 24 0.041523
25 23 0.041536
25 22 0.041627
25 21 0.041535
25 20 0.041698
25 19 0.041647
25 18 0.041674
25 17 0.041552
25 16 0.041317
25 15 0.041519
25 14 0.041428
25 13 0.041620
25 12 0.041526
25 11 0.041605
25 10 0.041650
25 9 0.041532
25 8 0.041721
25 7 0.041531
25 6 0.041665
25 5 0.041628
25 4 0.041581
25 3 0.041579
25 2 0.041499
25 1 0.041493
24 32 0.041638
24 31 0.041647
24 30 0.041567
24 29 0.041531
24 28 0.041508
24 27 0.041613
24 26 0.041654
24 25 0.041544
24 24 0.041856
24 23 0.041607
24 22 0.041680
24 21 0.041668
24 20 0.041872
24 19 0.041630
24 18 0.041737
24 17 0.041648
24 16 0.041983
24 15 0.041585
24 14 0.041755
24 13 0.041661
24 12 0.041762
24 11 0.041649
24 10 0.041763
24 9 0.041658
24 8 0.041700
24 7 0.041681
24 6 0.041417
24 5 0.041843
24 4 0.041512
24 3 0.041658
24 2 0.041785
24 1 0.041754
23 32 0.041564
23 31 0.041708
23 30 0.041465
23 29 0.041652
23 28 0.041514
23 27 0.041436
23 26 0.041534
23 25 0.041714
23 24 0.041539
23 23 0.041666
23 22 0.041643
23 21 0.041583
23 20 0.041628
23 19 0.041542
23 18 0.041817
23 17 0.041701
23 16 0.041968
23 15 0.041903
23 14 0.041891
23 13 0.041550
23 12 0.041610
23 11 0.041811
23 10 0.041780
23 9 0.041635
23 8 0.041540
23 7 0.041629
23 6 0.041508
23 5 0.041719
23 4 0.041531
23 3 0.041804
23 2 0.041712
23 1 0.041673
22 32 0.041606
22 31 0.041751
22 30 0.041486
22 29 0.041568
22 28 0.041465
22 27 0.041485
22 26 0.041638
22 25 0.041640
22 24 0.041478
22 23 0.041664
22 22 0.041770
22 21 0.041723
22 20 0.041573
22 19 0.041713
22 18 0.041693
22 17 0.041690
22 16 0.041793
22 15 0.041610
22 14 0.041612
22 13 0.041609
22 12 0.041814
22 11 0.041618
22 10 0.041519
22 9 0.041636
22 8 0.041636
22 7 0.041657
22 6 0.041442
22 5 0.041587
22 4 0.041656
22 3 0.041662
22 2 0.041614
22 1 0.041812
21 32 0.041606
21 31 0.041470
21 30 0.042475
21 29 0.041568
21 28 0.041608
21 27 0.041721
21 26 0.041642
21 25 0.041669
21 24 0.041774
21 23 0.041630
21 22 0.041541
21 21 0.041648
21 20 0.041526
21 19 0.041537
21 18 0.041682
21 17 0.041457
21 16 0.041567
21 15 0.041626
21 14 0.041645
21 13 0.041315
21 12 0.041524
21 11 0.041538
21 10 0.041608
21 9 0.041686
21 8 0.041796
21 7 0.041535
21 6 0.041635
21 5 0.041404
21 4 0.041491
21 3 0.041525
21 2 0.041644
21 1 0.041741
20 32 0.041745
20 31 0.041411
20 30 0.041384
20 29 0.041644
20 28 0.041645
20 27 0.041458
20 26 0.041680
20 25 0.041741
20 24 0.041464
20 23 0.041717
20 22 0.041588
20 21 0.041788
20 20 0.041524
20 19 0.041528
20 18 0.041653
20 17 0.041663
20 16 0.041556
20 15 0.041590
20 14 0.041748
20 13 0.041722
20 12 0.041531
20 11 0.041682
20 10 0.041693
20 9 0.041686
20 8 0.041578
20 7 0.041726
20 6 0.041530
20 5 0.041611
20 4 0.041530
20 3 0.041496
20 2 0.041631
20 1 0.041757
19 32 0.041523
19 31 0.041571
19 30 0.041697
19 29 0.041644
19 28 0.041631
19 27 0.041602
19 26 0.041559
19 25 0.041717
19 24 0.041667
19 23 0.041384
19 22 0.041686
19 21 0.041712
19 20 0.041700
19 19 0.041714
19 18 0.041653
19 17 0.041751
19 16 0.041697
19 15 0.041636
19 14 0.041458
19 13 0.041704
19 12 0.041643
19 11 0.041566
19 10 0.041663
19 9 0.041577
19 8 0.041456
19 7 0.041625
19 6 0.041672
19 5 0.041749
19 4 0.041678
19 3 0.041503
19 2 0.041535
19 1 0.041665
18 32 0.041714
18 31 0.041604
18 30 0.041525
18 29 0.041594
18 28 0.041474
18 27 0.041715
18 26 0.041617
18 25 0.041679
18 24 0.041612
18 23 0.041874
18 22 0.041622
18 21 0.041660
18 20 0.041725
18 19 0.041639
18 18 0.041431
18 17 0.041769
18 16 0.041592
18 15 0.041594
18 14 0.041647
18 13 0.041595
18 12 0.041748
18 11 0.041493
18 10 0.041486
18 9 0.041646
18 8 0.041480
18 7 0.041742
18 6 0.042200
18 5 0.041557
18 4 0.041865
18 3 0.041584
18 2 0.041659
18 1 0.041641
17 32 0.041612
17 31 0.041666
17 30 0.041668
17 29 0.041515
17 28 0.041537
17 27 0.041413
17 26 0.041806
17 25 0.041641
17 24 0.041458
17 23 0.041727
17 22 0.041575
17 21 0.041686
17 20 0.041518
17 19 0.041512
17 18 0.041622
17 17 0.041670
17 16 0.041757
17 15 0.041783
17 14 0.041544
17 13 0.041508
17 12 0.041482
17 11 0.041653
17 10 0.041558
17 9 0.041621
17 8 0.041892
17 7 0.041616
17 6 0.041650
17 5 0.041751
17 4 0.041639
17 3 0.041466
17 2 0.041581
17 1 0.041942
16 32 0.041576
16 31 0.041699
16 30 0.041553
16 29 0.041606
16 28 0.041687
16 27 0.041680
16 26 0.041815
16 25 0.041461
16 24 0.041780
16 23 0.041365
16 22 0.041507
16 21 0.041836
16 20 0.041660
16 19 0.041402
16 18 0.041684
16 17 0.041602
16 16 0.041722
16 15 0.041608
16 14 0.041549
16 13 0.041593
16 12 0.041627
16 11 0.041516
16 10 0.041468
16 9 0.041588
16 8 0.041444
16 7 0.041760
16 6 0.041607
16 5 0.041499
16 4 0.041617
16 3 0.041753
16 2 0.041638
16 1 0.041542
15 32 0.041564
15 31 0.041710
15 30 0.041718
15 29 0.041850
15 28 0.041492
15 27 0.041582
15 26 0.041613
15 25 0.041672
15 24 0.041862
15 23 0.041420
15 22 0.041757
15 21 0.041539
15 20 0.041749
15 19 0.041454
15 18 0.041391
15 17 0.041477
15 16 0.041778
15 15 0.041942
15 14 0.041552
15 13 0.041632
15 12 0.041591
15 11 0.041626
15 10 0.041535
15 9 0.041735
15 8 0.041846
15 7 0.041424
15 6 0.041492
15 5 0.041526
15 4 0.041738
15 3 0.041698
15 2 0.041512
15 1 0.041743
14 32 0.041605
14 31 0.041654
14 30 0.041654
14 29 0.041502
14 28 0.041645
14 27 0.041640
14 26 0.041712
14 25 0.041465
14 24 0.041621
14 23 0.041589
14 22 0.041508
14 21 0.041658
14 20 0.041534
14 19 0.041694
14 18 0.041420
14 17 0.041587
14 16 0.041656
14 15 0.041834
14 14 0.041684
14 13 0.041551
14 12 0.041598
14 11 0.041605
14 10 0.041547
14 9 0.041731
14 8 0.041718
14 7 0.041672
14 6 0.041645
14 5 0.041425
14 4 0.041615
14 3 0.041855
14 2 0.041670
14 1 0.041730
13 32 0.041580
13 31 0.041452
13 30 0.041484
13 29 0.041416
13 28 0.041589
13 27 0.041587
13 26 0.041552
13 25 0.041788
13 24 0.041528
13 23 0.041560
13 22 0.041698
13 21 0.041545
13 20 0.041599
13 19 0.041563
13 18 0.041682
13 17 0.041512
13 16 0.041620
13 15 0.041478
13 14 0.041702
13 13 0.041485
13 12 0.041589
13 11 0.041809
13 10 0.041536
13 9 0.041429
13 8 0.041724
13 7 0.041536
13 6 0.041726
13 5 0.041697
13 4 0.041649
13 3 0.041347
13 2 0.041718
13 1 0.041654
12 32 0.041964
12 31 0.041613
12 30 0.041742
12 29 0.041625
12 28 0.041655
12 27 0.041876
12 26 0.041668
12 25 0.041767
12 24 0.041906
12 23 0.041712
12 22 0.041652
12 21 0.041614
12 20 0.041614
12 19 0.041608
12 18 0.041813
12 17 0.041793
12 16 0.041634
12 15 0.041747
12 14 0.041546
12 13 0.041662
12 12 0.041589
12 11 0.041599
12 10 0.041546
12 9 0.041605
12 8 0.041607
12 7 0.041667
12 6 0.041539
12 5 0.041624
12 4 0.041677
12 3 0.041721
12 2 0.041560
12 1 0.041621
11 32 0.041370
11 31 0.041542
11 30 0.041641
11 29 0.041732
11 28 0.041486
11 27 0.041596
11 26 0.041492
11 25 0.041596
11 24 0.041703
11 23 0.041512
11 22 0.041451
11 21 0.041675
11 20 0.041616
11 19 0.041799
11 18 0.041785
11 17 0.041790
11 16 0.041741
11 15 0.041762
11 14 0.041688
11 13 0.041500
11 12 0.041659
11 11 0.041734
11 10 0.041622
11 9 0.041704
11 8 0.041597
11 7 0.041397
11 6 0.041728
11 5 0.041700
11 4 0.041499
11 3 0.041577
11 2 0.041567
11 1 0.041588
10 32 0.041602
10 31 0.041652
10 30 0.041608
10 29 0.041746
10 28 0.041595
10 27 0.041565
10 26 0.041689
10 25 0.041461
10 24 0.041563
10 23 0.041641
10 22 0.041456
10 21 0.041562
10 20 0.041619
10 19 0.041552
10 18 0.041538
10 17 0.041665
10 16 0.041605
10 15 0.041629
10 14 0.041752
10 13 0.041578
10 12 0.041683
10 11 0.041591
10 10 0.041527
10 9 0.041423
10 8 0.041783
10 7 0.041462
10 6 0.041602
10 5 0.041801
10 4 0.041699
10 3 0.041832
10 2 0.041509
10 1 0.041741
9 32 0.041571
9 31 0.041581
9 30 0.041396
9 29 0.041574
9 28 0.041724
9 27 0.041636
9 26 0.041709
9 25 0.041892
9 24 0.041635
9 23 0.041667
9 22 0.041689
9 21 0.041658
9 20 0.041587
9 19 0.041639
9 18 0.041490
9 17 0.041637
9 16 0.041548
9 15 0.041592
9 14 0.041720
9 13 0.041555
9 12 0.041741
9 11 0.041336
9 10 0.041859
9 9 0.041568
9 8 0.041475
9 7 0.041663
9 6 0.041789
9 5 0.041608
9 4 0.041719
9 3 0.041624
9 2 0.041562
9 1 0.041664
8 32 0.041586
8 31 0.041703
8 30 0.041389
8 29 0.041551
8 28 0.041592
8 27 0.041500
8 26 0.041495
8 25 0.041661
8 24 0.041714
8 23 0.041672
8 22 0.041476
8 21 0.041646
8 20 0.041672
8 19 0.041581
8 18 0.041699
8 17 0.041655
8 16 0.041778
8 15 0.041635
8 14 0.041644
8 13 0.041605
8 12 0.041590
8 11 0.041502
8 10 0.041695
8 9 0.041599
8 8 0.041518
8 7 0.041808
8 6 0.041708
8 5 0.041375
8 4 0.041531
8 3 0.041607
8 2 0.041604
8 1 0.041560
7 32 0.041551
7 31 0.041735
7 30 0.041692
7 29 0.041650
7 28 0.041553
7 27 0.041581
7 26 0.041693
7 25 0.041833
7 24 0.041783
7 23 0.041497
7 22 0.041711
7 21 0.041790
7 20 0.041645
7 19 0.041642
7 18 0.041788
7 17 0.041816
7 16 0.041792
7 15 0.041679
7 14 0.041620
7 13 0.041610
7 12 0.041626
7 11 0.041567
7 10 0.041803
7 9 0.041662
7 8 0.041637
7 7 0.041667
7 6 0.041642
7 5 0.041585
7 4 0.041611
7 3 0.041588
7 2 0.041455
7 1 0.041651
6 32 0.041555
6 31 0.041683
6 30 0.041604
6 29 0.041628
6 28 0.041698
6 27 0.041573
6 26 0.041650
6 25 0.041556
6 24 0.041471
6 23 0.041282
6 22 0.041634
6 21 0.041425
6 20 0.041644
6 19 0.041691
6 18 0.041584
6 17 0.041687
6 16 0.041395
6 15 0.041677
6 14 0.041577
6 13 0.041613
6 12 0.041608
6 11 0.041595
6 10 0.041593
6 9 0.041402
6 8 0.041274
6 7 0.041709
6 6 0.041595
6 5 0.041597
6 4 0.041573
6 3 0.041625
6 2 0.041603
6 1 0.041708
5 32 0.041631
5 31 0.041601
5 30 0.041649
5 29 0.041519
5 28 0.041450
5 27 0.041658
5 26 0.041639
5 25 0.041536
5 24 0.041759
5 23 0.041685
5 22 0.041833
5 21 0.041629
5 20 0.041702
5 19 0.041445
5 18 0.041575
5 17 0.041513
5 16 0.041765
5 15 0.041688
5 14 0.041685
5 13 0.041467
5 12 0.041631
5 11 0.041465
5 10 0.041559
5 9 0.041697
5 8 0.041667
5 7 0.041731
5 6 0.041689
5 5 0.041582
5 4 0.041742
5 3 0.041617
5 2 0.041404
5 1 0.041500
4 32 0.041603
4 31 0.041688
4 30 0.041501
4 29 0.041718
4 28 0.041853
4 27 0.041681
4 26 0.041875
4 25 0.041617
4 24 0.041500
4 23 0.041813
4 22 0.041880
4 21 0.041627
4 20 0.041536
4 19 0.041626
4 18 0.041554
4 17 0.041821
4 16 0.041613
4 15 0.041573
4 14 0.041724
4 13 0.041752
4 12 0.041565
4 11 0.041686
4 10 0.041477
4 9 0.041660
4 8 0.041509
4 7 0.041673
4 6 0.041524
4 5 0.041540
4 4 0.041628
4 3 0.041718
4 2 0.041614
4 1 0.041592
3 32 0.041365
3 31 0.041720
3 30 0.041757
3 29 0.041568
3 28 0.041533
3 27 0.041692
3 26 0.041531
3 25 0.041599
3 24 0.041634
3 23 0.041572
3 22 0.041635
3 21 0.041636
3 20 0.041556
3 19 0.041668
3 18 0.041483
3 17 0.041498
3 16 0.041582
3 15 0.041447
3 14 0.041559
3 13 0.041548
3 12 0.041684
3 11 0.041663
3 10 0.041591
3 9 0.041539
3 8 0.041662
3 7 0.041466
3 6 0.041959
3 5 0.041725
3 4 0.041680
3 3 0.041660
3 2 0.041642
3 1 0.041624
2 32 0.041756
2 31 0.041690
2 30 0.041635
2 29 0.041542
2 28 0.041488
2 27 0.041530
2 26 0.041733
2 25 0.041642
2 24 0.041606
2 23 0.041675
2 22 0.041479
2 21 0.041589
2 20 0.041524
2 19 0.041415
2 18 0.041471
2 17 0.041545
2 16 0.041672
2 15 0.041512
2 14 0.041770
2 13 0.041651
2 12 0.041522
2 11 0.041333
2 10 0.041505
2 9 0.041622
2 8 0.041608
2 7 0.041602
2 6 0.041788
2 5 0.041691
2 4 0.041894
2 3 0.041634
2 2 0.041596
2 1 0.041507
1 32 0.041745
1 31 0.041616
1 30 0.041604
1 29 0.041594
1 28 0.041596
1 27 0.041565
1 26 0.041567
1 25 0.041676
1 24 0.041658
1 23 0.041591
1 22 0.041588
1 21 0.041695
1 20 0.041439
1 19 0.041603
1 18 0.041514
1 17 0.041555
1 16 0.041511
1 15 0.041563
1 14 0.041437
1 13 0.041607
1 12 0.041813
1 11 0.041647
1 10 0.041757
1 9 0.041604
1 8 0.041662
1 7 0.041754
1 6 0.041596
1 5 0.041649
1 4 0.041558
1 3 0.041624
1 2 0.041517
1 1 0.041686
