32 1000 0.088511
32 900 0.088825
32 800 0.088889
32 700 0.088965
32 600 0.088753
32 500 0.089028
32 400 0.088863
32 300 0.089192
32 200 0.088876
32 100 0.088626
31 1000 0.088934
31 900 0.088858
31 800 0.088725
31 700 0.088585
31 600 0.089004
31 500 0.089027
31 400 0.088685
31 300 0.088820
31 200 0.089377
31 100 0.088813
30 1000 0.088728
30 900 0.088656
30 800 0.088463
30 700 0.088911
30 600 0.088582
30 500 0.088993
30 400 0.086723
30 300 0.055977
30 200 0.042417
30 100 0.042480
29 1000 0.042480
29 900 0.042510
29 800 0.042268
29 700 0.042426
29 600 0.042353
29 500 0.042603
29 400 0.042485
29 300 0.042518
29 200 0.042394
29 100 0.042408
28 1000 0.042431
28 900 0.042442
28 800 0.042579
28 700 0.042702
28 600 0.042589
28 500 0.042351
28 400 0.042390
28 300 0.042660
28 200 0.042537
28 100 0.042623
27 1000 0.042614
27 900 0.042400
27 800 0.042519
27 700 0.042528
27 600 0.042623
27 500 0.042268
27 400 0.042513
27 300 0.042679
27 200 0.042483
27 100 0.042382
26 1000 0.042493
26 900 0.042415
26 800 0.042584
26 700 0.042466
26 600 0.042186
26 500 0.042141
26 400 0.042515
26 300 0.042369
26 200 0.042467
26 100 0.042466
25 1000 0.042581
25 900 0.042377
25 800 0.042476
25 700 0.042488
25 600 0.042530
25 500 0.042404
25 400 0.042280
25 300 0.042507
25 200 0.042386
25 100 0.042321
24 1000 0.042651
24 900 0.042383
24 800 0.042454
24 700 0.042411
24 600 0.042344
24 500 0.042182
24 400 0.042047
24 300 0.042654
24 200 0.042285
24 100 0.042185
23 1000 0.042400
23 900 0.042395
23 800 0.042418
23 700 0.042567
23 600 0.042489
23 500 0.042470
23 400 0.042463
23 300 0.042369
23 200 0.042328
23 100 0.042499
22 1000 0.042397
22 900 0.042472
22 800 0.042502
22 700 0.042497
22 600 0.042398
22 500 0.042384
22 400 0.042388
22 300 0.042450
22 200 0.042642
22 100 0.042584
21 1000 0.042284
21 900 0.042421
21 800 0.042509
21 700 0.042237
21 600 0.042227
21 500 0.042637
21 400 0.042333
21 300 0.042434
21 200 0.042539
21 100 0.042352
20 1000 0.042538
20 900 0.042389
20 800 0.042488
20 700 0.042252
20 600 0.042511
20 500 0.042525
20 400 0.042524
20 300 0.042680
20 200 0.042428
20 100 0.042412
19 1000 0.042356
19 900 0.042552
19 800 0.042267
19 700 0.042472
19 600 0.042496
19 500 0.042595
19 400 0.042239
19 300 0.042403
19 200 0.042380
19 100 0.042544
18 1000 0.042343
18 900 0.042166
18 800 0.042394
18 700 0.042615
18 600 0.042417
18 500 0.042324
18 400 0.042544
18 300 0.042458
18 200 0.042537
18 100 0.042303
17 1000 0.042221
17 900 0.042258
17 800 0.042426
17 700 0.042472
17 600 0.042527
17 500 0.042445
17 400 0.042547
17 300 0.042295
17 200 0.042654
17 100 0.042563
16 1000 0.042492
16 900 0.042478
16 800 0.042467
16 700 0.042326
16 600 0.042360
16 500 0.042335
16 400 0.042487
16 300 0.042150
16 200 0.042354
16 100 0.042470
15 1000 0.042395
15 900 0.042250
15 800 0.042355
15 700 0.042352
15 600 0.042324
15 500 0.042376
15 400 0.042435
15 300 0.042516
15 200 0.042593
15 100 0.042424
14 1000 0.042454
14 900 0.042475
14 800 0.042615
14 700 0.042599
14 600 0.042487
14 500 0.042515
14 400 0.042538
14 300 0.042497
14 200 0.042608
14 100 0.042346
13 1000 0.042577
13 900 0.042584
13 800 0.042158
13 700 0.042612
13 600 0.042368
13 500 0.042381
13 400 0.042661
13 300 0.042445
13 200 0.042397
13 100 0.042454
12 1000 0.042531
12 900 0.042495
12 800 0.042438
12 700 0.042513
12 600 0.042317
12 500 0.042628
12 400 0.042457
12 300 0.042376
12 200 0.042385
12 100 0.042595
11 1000 0.042293
11 900 0.042610
11 800 0.042442
11 700 0.042379
11 600 0.042450
11 500 0.042324
11 400 0.042588
11 300 0.042566
11 200 0.042556
11 100 0.042466
10 1000 0.042256
10 900 0.042516
10 800 0.042382
10 700 0.042320
10 600 0.042318
10 500 0.042353
10 400 0.042317
10 300 0.042366
10 200 0.042187
10 100 0.042366
9 1000 0.042566
9 900 0.042456
9 800 0.042344
9 700 0.042562
9 600 0.042433
9 500 0.042545
9 400 0.042562
9 300 0.042352
9 200 0.042490
9 100 0.042383
8 1000 0.042397
8 900 0.042419
8 800 0.042346
8 700 0.042400
8 600 0.042350
8 500 0.042493
8 400 0.042263
8 300 0.042449
8 200 0.042375
8 100 0.042413
7 1000 0.042475
7 900 0.042503
7 800 0.042631
7 700 0.042332
7 600 0.042393
7 500 0.042494
7 400 0.042266
7 300 0.042495
7 200 0.042186
7 100 0.042358
6 1000 0.042551
6 900 0.042277
6 800 0.042326
6 700 0.042339
6 600 0.042396
6 500 0.042300
6 400 0.042530
6 300 0.042439
6 200 0.042338
6 100 0.042328
5 1000 0.042367
5 900 0.042331
5 800 0.042342
5 700 0.042469
5 600 0.042463
5 500 0.042327
5 400 0.042533
5 300 0.042514
5 200 0.042451
5 100 0.042479
4 1000 0.042285
4 900 0.042508
4 800 0.042505
4 700 0.042458
4 600 0.042435
4 500 0.042524
4 400 0.042405
4 300 0.042386
4 200 0.042496
4 100 0.042327
3 1000 0.042961
3 900 0.042397
3 800 0.042320
3 700 0.042389
3 600 0.042270
3 500 0.042460
3 400 0.042470
3 300 0.042353
3 200 0.042548
3 100 0.042340
2 1000 0.042356
2 900 0.042328
2 800 0.042303
2 700 0.042434
2 600 0.042482
2 500 0.042347
2 400 0.042312
2 300 0.042424
2 200 0.042519
2 100 0.042440
1 1000 0.042497
1 900 0.042546
1 800 0.042260
1 700 0.042381
1 600 0.042427
1 500 0.042417
1 400 0.042491
1 300 0.042549
1 200 0.042312
1 100 0.042499
