32 32 0.043861
32 31 0.043772
32 30 0.043740
32 29 0.043901
32 28 0.043736
32 27 0.043838
32 26 0.043833
32 25 0.043792
32 24 0.043860
32 23 0.043779
32 22 0.043817
32 21 0.043819
32 20 0.043843
32 19 0.043843
32 18 0.043771
32 17 0.043801
32 16 0.043876
32 15 0.043730
32 14 0.043770
32 13 0.043805
32 12 0.043830
32 11 0.043734
32 10 0.043804
32 9 0.043794
32 8 0.043752
32 7 0.043853
32 6 0.043761
32 5 0.043735
32 4 0.043783
32 3 0.043739
32 2 0.043803
32 1 0.043874
31 32 0.043778
31 31 0.043813
31 30 0.043805
31 29 0.043828
31 28 0.043836
31 27 0.043799
31 26 0.043891
31 25 0.043805
31 24 0.043829
31 23 0.043813
31 22 0.043887
31 21 0.043773
31 20 0.043784
31 19 0.043810
31 18 0.043811
31 17 0.043724
31 16 0.043769
31 15 0.043852
31 14 0.043827
31 13 0.043819
31 12 0.043814
31 11 0.043759
31 10 0.042362
31 9 0.032209
31 8 0.024487
31 7 0.020912
31 6 0.020944
31 5 0.020911
31 4 0.020921
31 3 0.020905
31 2 0.020939
31 1 0.020910
30 32 0.020872
30 31 0.020871
30 30 0.020909
30 29 0.020925
30 28 0.020958
30 27 0.020927
30 26 0.020933
30 25 0.020914
30 24 0.020912
30 23 0.020918
30 22 0.020938
30 21 0.020961
30 20 0.020907
30 19 0.020942
30 18 0.020882
30 17 0.020962
30 16 0.020943
30 15 0.020942
30 14 0.020918
30 13 0.020923
30 12 0.020878
30 11 0.020895
30 10 0.020954
30 9 0.020915
30 8 0.021215
30 7 0.021271
30 6 0.020942
30 5 0.020933
30 4 0.020869
30 3 0.020915
30 2 0.020908
30 1 0.021605
29 32 0.020891
29 31 0.020906
29 30 0.020943
29 29 0.020927
29 28 0.020950
29 27 0.020862
29 26 0.020968
29 25 0.020939
29 24 0.020972
29 23 0.020924
29 22 0.020932
29 21 0.020907
29 20 0.020967
29 19 0.020941
29 18 0.020983
29 17 0.020909
29 16 0.020902
29 15 0.020890
29 14 0.020922
29 13 0.020915
29 12 0.021015
29 11 0.021151
29 10 0.020966
29 9 0.020926
29 8 0.020934
29 7 0.020923
29 6 0.021015
29 5 0.020972
29 4 0.020971
29 3 0.020916
29 2 0.020919
29 1 0.020877
28 32 0.020965
28 31 0.020952
28 30 0.020888
28 29 0.020894
28 28 0.020914
28 27 0.020903
28 26 0.020919
28 25 0.020885
28 24 0.020924
28 23 0.020939
28 22 0.020922
28 21 0.020905
28 20 0.020889
28 19 0.020903
28 18 0.020937
28 17 0.020899
28 16 0.020957
28 15 0.020983
28 14 0.020955
28 13 0.020921
28 12 0.020916
28 11 0.020939
28 10 0.020963
28 9 0.020918
28 8 0.020969
28 7 0.020868
28 6 0.020948
28 5 0.020926
28 4 0.020923
28 3 0.020902
28 2 0.020954
28 1 0.020940
27 32 0.020938
27 31 0.020935
27 30 0.020950
27 29 0.020967
27 28 0.020937
27 27 0.020961
27 26 0.020959
27 25 0.020934
27 24 0.020964
27 23 0.020897
27 22 0.020978
27 21 0.020944
27 20 0.020984
27 19 0.020977
27 18 0.020939
27 17 0.020920
27 16 0.020873
27 15 0.020880
27 14 0.020915
27 13 0.020917
27 12 0.020875
27 11 0.020968
27 10 0.020920
27 9 0.020902
27 8 0.021043
27 7 0.020861
27 6 0.020889
27 5 0.020908
27 4 0.020920
27 3 0.020896
27 2 0.020913
27 1 0.020899
26 32 0.020921
26 31 0.021070
26 30 0.020922
26 29 0.020950
26 28 0.020915
26 27 0.020880
26 26 0.020895
26 25 0.020957
26 24 0.020900
26 23 0.020896
26 22 0.020902
26 21 0.020909
26 20 0.020994
26 19 0.020951
26 18 0.020931
26 17 0.020972
26 16 0.020901
26 15 0.020877
26 14 0.020917
26 13 0.020896
26 12 0.020911
26 11 0.020937
26 10 0.020961
26 9 0.020928
26 8 0.020904
26 7 0.020904
26 6 0.020933
26 5 0.020896
26 4 0.020925
26 3 0.020916
26 2 0.020906
26 1 0.020956
25 32 0.020881
25 31 0.020958
25 30 0.021081
25 29 0.020880
25 28 0.020865
25 27 0.020897
25 26 0.020900
25 25 0.020877
25 24 0.020949
25 23 0.020882
25 22 0.020909
25 21 0.020884
25 20 0.020867
25 19 0.020937
25 18 0.020920
25 17 0.020911
25 16 0.020924
25 15 0.020929
25 14 0.020956
25 13 0.020893
25 12 0.020887
25 11 0.020904
25 10 0.020945
25 9 0.020940
25 8 0.020936
25 7 0.020919
25 6 0.020898
25 5 0.020900
25 4 0.020946
25 3 0.020948
25 2 0.020895
25 1 0.020902
24 32 0.020873
24 31 0.020890
24 30 0.020929
24 29 0.020900
24 28 0.020902
24 27 0.020886
24 26 0.020937
24 25 0.020899
24 24 0.020892
24 23 0.020890
24 22 0.020881
24 21 0.020917
24 20 0.020929
24 19 0.020948
24 18 0.020873
24 17 0.020946
24 16 0.020904
24 15 0.020915
24 14 0.020893
24 13 0.020931
24 12 0.020898
24 11 0.020900
24 10 0.020906
24 9 0.020886
24 8 0.020924
24 7 0.020971
24 6 0.020936
24 5 0.020925
24 4 0.020900
24 3 0.020922
24 2 0.020947
24 1 0.020910
23 32 0.020906
23 31 0.020905
23 30 0.020889
23 29 0.020911
23 28 0.020911
23 27 0.020953
23 26 0.020914
23 25 0.020896
23 24 0.020919
23 23 0.020899
23 22 0.020917
23 21 0.020942
23 20 0.020942
23 19 0.020913
23 18 0.020932
23 17 0.020838
23 16 0.020934
23 15 0.021044
23 14 0.020934
23 13 0.020911
23 12 0.020905
23 11 0.020881
23 10 0.020889
23 9 0.020921
23 8 0.020946
23 7 0.020876
23 6 0.020880
23 5 0.020952
23 4 0.020930
23 3 0.020923
23 2 0.020922
23 1 0.020977
22 32 0.020938
22 31 0.020914
22 30 0.020881
22 29 0.020879
22 28 0.020960
22 27 0.020935
22 26 0.020934
22 25 0.020911
22 24 0.020899
22 23 0.020904
22 22 0.020928
22 21 0.020891
22 20 0.020877
22 19 0.020908
22 18 0.020900
22 17 0.020893
22 16 0.020904
22 15 0.020942
22 14 0.020895
22 13 0.020946
22 12 0.020864
22 11 0.020874
22 10 0.020885
22 9 0.020892
22 8 0.020924
22 7 0.020919
22 6 0.020917
22 5 0.020895
22 4 0.020872
22 3 0.020917
22 2 0.020883
22 1 0.020885
21 32 0.020898
21 31 0.020934
21 30 0.020897
21 29 0.020916
21 28 0.020891
21 27 0.020941
21 26 0.020928
21 25 0.020904
21 24 0.020870
21 23 0.020925
21 22 0.020950
21 21 0.020922
21 20 0.020924
21 19 0.020940
21 18 0.020910
21 17 0.020947
21 16 0.020872
21 15 0.020909
21 14 0.020887
21 13 0.020880
21 12 0.020897
21 11 0.020920
21 10 0.020921
21 9 0.020990
21 8 0.020921
21 7 0.020909
21 6 0.020937
21 5 0.020907
21 4 0.020925
21 3 0.020895
21 2 0.020920
21 1 0.020892
20 32 0.020909
20 31 0.020860
20 30 0.020961
20 29 0.020918
20 28 0.020914
20 27 0.020924
20 26 0.020912
20 25 0.020987
20 24 0.020919
20 23 0.020919
20 22 0.020867
20 21 0.020942
20 20 0.020928
20 19 0.020936
20 18 0.020899
20 17 0.020949
20 16 0.020924
20 15 0.020937
20 14 0.020873
20 13 0.020901
20 12 0.021028
20 11 0.021078
20 10 0.020979
20 9 0.020886
20 8 0.020920
20 7 0.020940
20 6 0.020963
20 5 0.020923
20 4 0.020921
20 3 0.020936
20 2 0.021007
20 1 0.020980
19 32 0.020940
19 31 0.020910
19 30 0.020883
19 29 0.020923
19 28 0.020940
19 27 0.020935
19 26 0.020888
19 25 0.020938
19 24 0.020925
19 23 0.020933
19 22 0.020913
19 21 0.020874
19 20 0.020906
19 19 0.020904
19 18 0.020919
19 17 0.020942
19 16 0.020921
19 15 0.020922
19 14 0.020968
19 13 0.020932
19 12 0.020905
19 11 0.020950
19 10 0.020864
19 9 0.020956
19 8 0.020979
19 7 0.020899
19 6 0.020929
19 5 0.020910
19 4 0.020898
19 3 0.020911
19 2 0.020950
19 1 0.020944
18 32 0.020898
18 31 0.020900
18 30 0.020938
18 29 0.020923
18 28 0.020900
18 27 0.020951
18 26 0.020909
18 25 0.020900
18 24 0.020912
18 23 0.020951
18 22 0.020905
18 21 0.020935
18 20 0.020951
18 19 0.020941
18 18 0.020955
18 17 0.020947
18 16 0.020911
18 15 0.020966
18 14 0.020961
18 13 0.020888
18 12 0.020897
18 11 0.020924
18 10 0.020903
18 9 0.020915
18 8 0.020912
18 7 0.020888
18 6 0.020915
18 5 0.020905
18 4 0.020894
18 3 0.020897
18 2 0.020874
18 1 0.020946
17 32 0.020931
17 31 0.020887
17 30 0.020942
17 29 0.020917
17 28 0.020926
17 27 0.020948
17 26 0.020917
17 25 0.020923
17 24 0.020887
17 23 0.020932
17 22 0.020908
17 21 0.020951
17 20 0.020998
17 19 0.020893
17 18 0.020899
17 17 0.020917
17 16 0.020909
17 15 0.020938
17 14 0.020931
17 13 0.020933
17 12 0.021337
17 11 0.021013
17 10 0.020988
17 9 0.020917
17 8 0.020922
17 7 0.020936
17 6 0.020933
17 5 0.020921
17 4 0.020934
17 3 0.020885
17 2 0.020951
17 1 0.020898
16 32 0.020922
16 31 0.020882
16 30 0.020899
16 29 0.020892
16 28 0.020926
16 27 0.020967
16 26 0.020941
16 25 0.020918
16 24 0.020943
16 23 0.020915
16 22 0.020920
16 21 0.020938
16 20 0.020924
16 19 0.020949
16 18 0.020929
16 17 0.020948
16 16 0.020916
16 15 0.020907
16 14 0.020936
16 13 0.020956
16 12 0.020933
16 11 0.020954
16 10 0.020924
16 9 0.020918
16 8 0.020901
16 7 0.020894
16 6 0.020933
16 5 0.020916
16 4 0.020915
16 3 0.020911
16 2 0.020888
16 1 0.020906
15 32 0.020967
15 31 0.020951
15 30 0.020960
15 29 0.020928
15 28 0.020935
15 27 0.020951
15 26 0.020929
15 25 0.020914
15 24 0.020929
15 23 0.020919
15 22 0.020900
15 21 0.020909
15 20 0.020901
15 19 0.020940
15 18 0.020939
15 17 0.020934
15 16 0.020890
15 15 0.020853
15 14 0.020876
15 13 0.020925
15 12 0.020928
15 11 0.020942
15 10 0.020949
15 9 0.020934
15 8 0.020926
15 7 0.020905
15 6 0.020992
15 5 0.020915
15 4 0.020946
15 3 0.020868
15 2 0.020911
15 1 0.020896
14 32 0.020894
14 31 0.020929
14 30 0.020929
14 29 0.020911
14 28 0.020880
14 27 0.020946
14 26 0.020914
14 25 0.020918
14 24 0.020937
14 23 0.020865
14 22 0.020919
14 21 0.020916
14 20 0.020897
14 19 0.020963
14 18 0.020871
14 17 0.020913
14 16 0.020917
14 15 0.020932
14 14 0.020942
14 13 0.020886
14 12 0.020907
14 11 0.020921
14 10 0.020869
14 9 0.020886
14 8 0.020940
14 7 0.020908
14 6 0.020896
14 5 0.020954
14 4 0.020920
14 3 0.020951
14 2 0.020981
14 1 0.021015
13 32 0.020903
13 31 0.020897
13 30 0.020912
13 29 0.020916
13 28 0.020901
13 27 0.020931
13 26 0.020944
13 25 0.020968
13 24 0.020908
13 23 0.020941
13 22 0.020950
13 21 0.020930
13 20 0.020889
13 19 0.020863
13 18 0.020928
13 17 0.020939
13 16 0.020889
13 15 0.020961
13 14 0.020899
13 13 0.020925
13 12 0.020928
13 11 0.020874
13 10 0.020920
13 9 0.020896
13 8 0.020893
13 7 0.020934
13 6 0.020945
13 5 0.020938
13 4 0.020935
13 3 0.020914
13 2 0.020909
13 1 0.020915
12 32 0.020905
12 31 0.020917
12 30 0.020928
12 29 0.020936
12 28 0.020916
12 27 0.020909
12 26 0.020923
12 25 0.020947
12 24 0.020932
12 23 0.020949
12 22 0.020933
12 21 0.020920
12 20 0.020954
12 19 0.020898
12 18 0.020911
12 17 0.020938
12 16 0.020930
12 15 0.020910
12 14 0.020919
12 13 0.020904
12 12 0.020925
12 11 0.020909
12 10 0.020958
12 9 0.020938
12 8 0.020937
12 7 0.020924
12 6 0.020879
12 5 0.020916
12 4 0.020888
12 3 0.020901
12 2 0.020933
12 1 0.020870
11 32 0.020932
11 31 0.020941
11 30 0.020891
11 29 0.020900
11 28 0.020875
11 27 0.021076
11 26 0.020918
11 25 0.020879
11 24 0.020915
11 23 0.020887
11 22 0.020967
11 21 0.020969
11 20 0.020927
11 19 0.020920
11 18 0.020895
11 17 0.020939
11 16 0.020906
11 15 0.020929
11 14 0.020937
11 13 0.020903
11 12 0.020919
11 11 0.020933
11 10 0.020852
11 9 0.020954
11 8 0.020928
11 7 0.020913
11 6 0.020935
11 5 0.020917
11 4 0.020940
11 3 0.020974
11 2 0.020913
11 1 0.020905
10 32 0.020917
10 31 0.020917
10 30 0.020887
10 29 0.020963
10 28 0.020903
10 27 0.020898
10 26 0.020893
10 25 0.020884
10 24 0.020902
10 23 0.020942
10 22 0.020936
10 21 0.020909
10 20 0.020941
10 19 0.020975
10 18 0.020895
10 17 0.020886
10 16 0.020946
10 15 0.020896
10 14 0.020935
10 13 0.020913
10 12 0.020914
10 11 0.020869
10 10 0.020915
10 9 0.020945
10 8 0.020942
10 7 0.020906
10 6 0.020925
10 5 0.020937
10 4 0.020928
10 3 0.020895
10 2 0.020940
10 1 0.020919
9 32 0.020907
9 31 0.020941
9 30 0.020961
9 29 0.020957
9 28 0.021125
9 27 0.021044
9 26 0.020906
9 25 0.020962
9 24 0.020943
9 23 0.020983
9 22 0.020906
9 21 0.020894
9 20 0.020887
9 19 0.020926
9 18 0.020972
9 17 0.020953
9 16 0.020893
9 15 0.020902
9 14 0.020936
9 13 0.020902
9 12 0.020898
9 11 0.020915
9 10 0.020904
9 9 0.020928
9 8 0.020890
9 7 0.020906
9 6 0.020929
9 5 0.020940
9 4 0.020945
9 3 0.020982
9 2 0.020888
9 1 0.020937
8 32 0.020884
8 31 0.020908
8 30 0.020884
8 29 0.020920
8 28 0.020917
8 27 0.020912
8 26 0.020896
8 25 0.020884
8 24 0.020943
8 23 0.020955
8 22 0.020918
8 21 0.020912
8 20 0.020933
8 19 0.020908
8 18 0.020910
8 17 0.020934
8 16 0.020870
8 15 0.020908
8 14 0.020911
8 13 0.020896
8 12 0.020932
8 11 0.020930
8 10 0.020984
8 9 0.020953
8 8 0.020926
8 7 0.020897
8 6 0.020946
8 5 0.020907
8 4 0.020890
8 3 0.020965
8 2 0.020919
8 1 0.020942
7 32 0.020922
7 31 0.020929
7 30 0.020905
7 29 0.020923
7 28 0.020929
7 27 0.020927
7 26 0.020931
7 25 0.020914
7 24 0.020930
7 23 0.020878
7 22 0.020940
7 21 0.020880
7 20 0.020976
7 19 0.020974
7 18 0.020920
7 17 0.020891
7 16 0.020983
7 15 0.020918
7 14 0.020887
7 13 0.020922
7 12 0.020934
7 11 0.020914
7 10 0.020937
7 9 0.020927
7 8 0.020935
7 7 0.020934
7 6 0.020930
7 5 0.020941
7 4 0.020914
7 3 0.020930
7 2 0.020923
7 1 0.020942
6 32 0.020947
6 31 0.020957
6 30 0.020924
6 29 0.020930
6 28 0.020916
6 27 0.020861
6 26 0.020910
6 25 0.020939
6 24 0.020902
6 23 0.020941
6 22 0.020905
6 21 0.020928
6 20 0.020888
6 19 0.020937
6 18 0.020881
6 17 0.020895
6 16 0.020886
6 15 0.020951
6 14 0.020958
6 13 0.020904
6 12 0.020930
6 11 0.020898
6 10 0.020903
6 9 0.020901
6 8 0.020849
6 7 0.020919
6 6 0.020923
6 5 0.020890
6 4 0.020926
6 3 0.020900
6 2 0.020925
6 1 0.020882
5 32 0.020919
5 31 0.020950
5 30 0.020900
5 29 0.020892
5 28 0.020900
5 27 0.020945
5 26 0.020913
5 25 0.020905
5 24 0.020922
5 23 0.020906
5 22 0.020969
5 21 0.020872
5 20 0.020909
5 19 0.020910
5 18 0.020895
5 17 0.020986
5 16 0.020936
5 15 0.020909
5 14 0.020929
5 13 0.020903
5 12 0.020927
5 11 0.020928
5 10 0.020904
5 9 0.020959
5 8 0.020906
5 7 0.020866
5 6 0.020926
5 5 0.020933
5 4 0.020927
5 3 0.020913
5 2 0.020900
5 1 0.020925
4 32 0.020898
4 31 0.020918
4 30 0.020885
4 29 0.020877
4 28 0.020917
4 27 0.020930
4 26 0.020904
4 25 0.020916
4 24 0.020919
4 23 0.020880
4 22 0.020891
4 21 0.020895
4 20 0.020865
4 19 0.020920
4 18 0.020964
4 17 0.020901
4 16 0.020925
4 15 0.020921
4 14 0.020953
4 13 0.020918
4 12 0.020911
4 11 0.020953
4 10 0.020890
4 9 0.020932
4 8 0.020883
4 7 0.020918
4 6 0.020892
4 5 0.021007
4 4 0.020951
4 3 0.020954
4 2 0.020902
4 1 0.020876
3 32 0.020940
3 31 0.020921
3 30 0.020959
3 29 0.020919
3 28 0.020913
3 27 0.020901
3 26 0.020895
3 25 0.020852
3 24 0.020912
3 23 0.020950
3 22 0.020917
3 21 0.020869
3 20 0.020896
3 19 0.020949
3 18 0.020845
3 17 0.020955
3 16 0.020888
3 15 0.020942
3 14 0.020950
3 13 0.020900
3 12 0.020850
3 11 0.020952
3 10 0.020883
3 9 0.020925
3 8 0.020880
3 7 0.020938
3 6 0.020928
3 5 0.020893
3 4 0.020925
3 3 0.020880
3 2 0.020884
3 1 0.020876
2 32 0.020913
2 31 0.020871
2 30 0.020890
2 29 0.020939
2 28 0.020906
2 27 0.020954
2 26 0.020913
2 25 0.020914
2 24 0.020937
2 23 0.020936
2 22 0.020902
2 21 0.020889
2 20 0.020929
2 19 0.020918
2 18 0.020921
2 17 0.020899
2 16 0.020936
2 15 0.020913
2 14 0.020909
2 13 0.020940
2 12 0.020906
2 11 0.020877
2 10 0.020938
2 9 0.020889
2 8 0.020871
2 7 0.020921
2 6 0.020950
2 5 0.020891
2 4 0.020924
2 3 0.020863
2 2 0.020922
2 1 0.020862
1 32 0.020900
1 31 0.020863
1 30 0.020926
1 29 0.020921
1 28 0.020924
1 27 0.020941
1 26 0.020917
1 25 0.020923
1 24 0.020898
1 23 0.020943
1 22 0.020866
1 21 0.020896
1 20 0.020922
1 19 0.020943
1 18 0.020868
1 17 0.020916
1 16 0.020875
1 15 0.020867
1 14 0.020932
1 13 0.020878
1 12 0.020875
1 11 0.020919
1 10 0.020879
1 9 0.020881
1 8 0.020918
1 7 0.020911
1 6 0.020950
1 5 0.020936
1 4 0.020944
1 3 0.020932
1 2 0.020916
1 1 0.020959
