32 10000 0.090851
32 9700 0.091050
32 9400 0.091210
32 9100 0.091269
32 8800 0.090942
32 8500 0.091407
32 8200 0.091363
32 7900 0.091130
32 7600 0.091428
32 7300 0.091408
32 7000 0.091289
32 6700 0.091297
32 6400 0.091274
32 6100 0.091247
32 5800 0.091404
32 5500 0.091223
32 5200 0.091224
32 4900 0.091038
32 4600 0.091414
32 4300 0.090999
32 4000 0.091384
32 3700 0.091033
32 3400 0.091444
32 3100 0.091046
32 2800 0.091278
32 2500 0.068143
32 2200 0.044323
32 1900 0.043877
32 1600 0.043642
32 1300 0.043642
32 1000 0.043354
32 700 0.043442
32 400 0.043823
32 100 0.043794
31 10000 0.043395
31 9700 0.043479
31 9400 0.043712
31 9100 0.043620
31 8800 0.043631
31 8500 0.043550
31 8200 0.043635
31 7900 0.043634
31 7600 0.043414
31 7300 0.043715
31 7000 0.043686
31 6700 0.043498
31 6400 0.043514
31 6100 0.043479
31 5800 0.043748
31 5500 0.043477
31 5200 0.043545
31 4900 0.043736
31 4600 0.043748
31 4300 0.043691
31 4000 0.043878
31 3700 0.043445
31 3400 0.043660
31 3100 0.043668
31 2800 0.043471
31 2500 0.043570
31 2200 0.043591
31 1900 0.043812
31 1600 0.043630
31 1300 0.043657
31 1000 0.043645
31 700 0.043625
31 400 0.043556
31 100 0.043655
30 10000 0.043469
30 9700 0.043748
30 9400 0.043623
30 9100 0.043618
30 8800 0.043745
30 8500 0.043485
30 8200 0.043606
30 7900 0.043527
30 7600 0.043781
30 7300 0.043783
30 7000 0.043644
30 6700 0.043511
30 6400 0.043452
30 6100 0.043432
30 5800 0.043500
30 5500 0.043419
30 5200 0.043457
30 4900 0.043416
30 4600 0.043489
30 4300 0.043282
30 4000 0.043429
30 3700 0.043410
30 3400 0.043504
30 3100 0.043379
30 2800 0.043558
30 2500 0.043853
30 2200 0.043637
30 1900 0.043494
30 1600 0.043605
30 1300 0.043663
30 1000 0.043381
30 700 0.043463
30 400 0.043546
30 100 0.043338
29 10000 0.043499
29 9700 0.043485
29 9400 0.043433
29 9100 0.043426
29 8800 0.043517
29 8500 0.043554
29 8200 0.043526
29 7900 0.043540
29 7600 0.043335
29 7300 0.043514
29 7000 0.043383
29 6700 0.043499
29 6400 0.043419
29 6100 0.043410
29 5800 0.043414
29 5500 0.043476
29 5200 0.043483
29 4900 0.043483
29 4600 0.043628
29 4300 0.043337
29 4000 0.043439
29 3700 0.043375
29 3400 0.043330
29 3100 0.043591
29 2800 0.043518
29 2500 0.043403
29 2200 0.043502
29 1900 0.043353
29 1600 0.043467
29 1300 0.043307
29 1000 0.043339
29 700 0.043382
29 400 0.043513
29 100 0.043450
28 10000 0.043497
28 9700 0.043427
28 9400 0.043387
28 9100 0.043261
28 8800 0.043285
28 8500 0.043456
28 8200 0.043282
28 7900 0.043413
28 7600 0.043569
28 7300 0.043233
28 7000 0.043657
28 6700 0.043573
28 6400 0.043438
28 6100 0.043643
28 5800 0.043416
28 5500 0.043327
28 5200 0.043552
28 4900 0.043477
28 4600 0.043407
28 4300 0.043468
28 4000 0.043462
28 3700 0.043475
28 3400 0.043279
28 3100 0.043417
28 2800 0.043345
28 2500 0.043612
28 2200 0.043349
28 1900 0.043396
28 1600 0.043629
28 1300 0.043566
28 1000 0.043304
28 700 0.043440
28 400 0.043420
28 100 0.043185
27 10000 0.043336
27 9700 0.043482
27 9400 0.043340
27 9100 0.043497
27 8800 0.043534
27 8500 0.043415
27 8200 0.043463
27 7900 0.043101
27 7600 0.043368
27 7300 0.043462
27 7000 0.043820
27 6700 0.043398
27 6400 0.043345
27 6100 0.043441
27 5800 0.043422
27 5500 0.043499
27 5200 0.043308
27 4900 0.043412
27 4600 0.043246
27 4300 0.043792
27 4000 0.043947
27 3700 0.043715
27 3400 0.043350
27 3100 0.043547
27 2800 0.043475
27 2500 0.043486
27 2200 0.043572
27 1900 0.043725
27 1600 0.043592
27 1300 0.043585
27 1000 0.043382
27 700 0.043499
27 400 0.043646
27 100 0.043595
26 10000 0.043620
26 9700 0.043518
26 9400 0.043319
26 9100 0.043506
26 8800 0.043402
26 8500 0.043459
26 8200 0.043435
26 7900 0.043632
26 7600 0.043481
26 7300 0.043427
26 7000 0.043600
26 6700 0.043561
26 6400 0.043517
26 6100 0.043511
26 5800 0.043619
26 5500 0.043227
26 5200 0.043675
26 4900 0.043397
26 4600 0.043509
26 4300 0.043431
26 4000 0.043528
26 3700 0.043756
26 3400 0.043762
26 3100 0.043588
26 2800 0.043573
26 2500 0.043590
26 2200 0.043726
26 1900 0.043755
26 1600 0.043502
26 1300 0.043636
26 1000 0.043360
26 700 0.043609
26 400 0.043524
26 100 0.043505
25 10000 0.043562
25 9700 0.043443
25 9400 0.043482
25 9100 0.043456
25 8800 0.043411
25 8500 0.043458
25 8200 0.043456
25 7900 0.043659
25 7600 0.043499
25 7300 0.043693
25 7000 0.043670
25 6700 0.043448
25 6400 0.043360
25 6100 0.043326
25 5800 0.043556
25 5500 0.043675
25 5200 0.043531
25 4900 0.043740
25 4600 0.043498
25 4300 0.043513
25 4000 0.043717
25 3700 0.043515
25 3400 0.043326
25 3100 0.043378
25 2800 0.043383
25 2500 0.043432
25 2200 0.043476
25 1900 0.043436
25 1600 0.043628
25 1300 0.043446
25 1000 0.043429
25 700 0.043763
25 400 0.043553
25 100 0.043736
24 10000 0.043774
24 9700 0.043667
24 9400 0.043908
24 9100 0.043761
24 8800 0.043509
24 8500 0.043630
24 8200 0.043770
24 7900 0.043475
24 7600 0.043539
24 7300 0.043588
24 7000 0.043718
24 6700 0.043635
24 6400 0.043701
24 6100 0.043675
24 5800 0.043618
24 5500 0.043806
24 5200 0.043448
24 4900 0.043647
24 4600 0.043545
24 4300 0.043669
24 4000 0.043599
24 3700 0.043887
24 3400 0.043641
24 3100 0.043354
24 2800 0.043576
24 2500 0.043615
24 2200 0.043522
24 1900 0.043538
24 1600 0.043431
24 1300 0.043608
24 1000 0.043427
24 700 0.043619
24 400 0.043724
24 100 0.043717
23 10000 0.043777
23 9700 0.043474
23 9400 0.043509
23 9100 0.043470
23 8800 0.043405
23 8500 0.043311
23 8200 0.043474
23 7900 0.043427
23 7600 0.043616
23 7300 0.043657
23 7000 0.043344
23 6700 0.043615
23 6400 0.043505
23 6100 0.043447
23 5800 0.043493
23 5500 0.043590
23 5200 0.043455
23 4900 0.043392
23 4600 0.043328
23 4300 0.043397
23 4000 0.043712
23 3700 0.043619
23 3400 0.043762
23 3100 0.043534
23 2800 0.043529
23 2500 0.043403
23 2200 0.043583
23 1900 0.043570
23 1600 0.043452
23 1300 0.043791
23 1000 0.043484
23 700 0.043768
23 400 0.043386
23 100 0.043555
22 10000 0.043318
22 9700 0.043349
22 9400 0.043344
22 9100 0.043263
22 8800 0.043426
22 8500 0.043385
22 8200 0.043415
22 7900 0.043478
22 7600 0.043571
22 7300 0.043378
22 7000 0.043419
22 6700 0.043468
22 6400 0.043404
22 6100 0.043487
22 5800 0.043369
22 5500 0.043510
22 5200 0.043563
22 4900 0.043418
22 4600 0.043513
22 4300 0.043578
22 4000 0.043576
22 3700 0.043556
22 3400 0.043433
22 3100 0.043405
22 2800 0.043545
22 2500 0.043216
22 2200 0.043658
22 1900 0.043572
22 1600 0.043734
22 1300 0.043473
22 1000 0.043357
22 700 0.043642
22 400 0.043363
22 100 0.043362
21 10000 0.043448
21 9700 0.043293
21 9400 0.043406
21 9100 0.043403
21 8800 0.043398
21 8500 0.043488
21 8200 0.043428
21 7900 0.043527
21 7600 0.043310
21 7300 0.043553
21 7000 0.043393
21 6700 0.043553
21 6400 0.043356
21 6100 0.043365
21 5800 0.043496
21 5500 0.043453
21 5200 0.043381
21 4900 0.043473
21 4600 0.043572
21 4300 0.043553
21 4000 0.043330
21 3700 0.043309
21 3400 0.043230
21 3100 0.043427
21 2800 0.043595
21 2500 0.043603
21 2200 0.043311
21 1900 0.043568
21 1600 0.043638
21 1300 0.043775
21 1000 0.043614
21 700 0.043433
21 400 0.043623
21 100 0.043595
20 10000 0.043397
20 9700 0.043496
20 9400 0.043621
20 9100 0.043419
20 8800 0.043406
20 8500 0.043632
20 8200 0.043415
20 7900 0.043401
20 7600 0.043620
20 7300 0.043541
20 7000 0.043797
20 6700 0.043541
20 6400 0.043513
20 6100 0.043336
20 5800 0.043601
20 5500 0.043493
20 5200 0.043691
20 4900 0.043490
20 4600 0.043590
20 4300 0.043636
20 4000 0.043591
20 3700 0.043729
20 3400 0.043624
20 3100 0.043727
20 2800 0.043344
20 2500 0.043549
20 2200 0.043659
20 1900 0.043533
20 1600 0.043496
20 1300 0.043480
20 1000 0.043491
20 700 0.043543
20 400 0.043742
20 100 0.043741
19 10000 0.043741
19 9700 0.043871
19 9400 0.043461
19 9100 0.043657
19 8800 0.043812
19 8500 0.043533
19 8200 0.043490
19 7900 0.043654
19 7600 0.043595
19 7300 0.043679
19 7000 0.043509
19 6700 0.043452
19 6400 0.043730
19 6100 0.043628
19 5800 0.043625
19 5500 0.043690
19 5200 0.043571
19 4900 0.043480
19 4600 0.043616
19 4300 0.043692
19 4000 0.043587
19 3700 0.043663
19 3400 0.043427
19 3100 0.043556
19 2800 0.043717
19 2500 0.043747
19 2200 0.043729
19 1900 0.043614
19 1600 0.043454
19 1300 0.043460
19 1000 0.043467
19 700 0.043625
19 400 0.043400
19 100 0.043840
18 10000 0.043790
18 9700 0.043556
18 9400 0.043489
18 9100 0.043423
18 8800 0.043470
18 8500 0.043474
18 8200 0.043593
18 7900 0.043286
18 7600 0.043653
18 7300 0.043644
18 7000 0.043725
18 6700 0.043622
18 6400 0.043640
18 6100 0.043494
18 5800 0.043655
18 5500 0.043560
18 5200 0.043500
18 4900 0.043653
18 4600 0.043399
18 4300 0.043564
18 4000 0.043719
18 3700 0.043471
18 3400 0.043615
18 3100 0.043444
18 2800 0.043506
18 2500 0.043690
18 2200 0.043609
18 1900 0.043371
18 1600 0.043651
18 1300 0.043448
18 1000 0.043442
18 700 0.043549
18 400 0.043533
18 100 0.043669
17 10000 0.043686
17 9700 0.043626
17 9400 0.043674
17 9100 0.043613
17 8800 0.043563
17 8500 0.043492
17 8200 0.043637
17 7900 0.043367
17 7600 0.043391
17 7300 0.043571
17 7000 0.043686
17 6700 0.043287
17 6400 0.043721
17 6100 0.043558
17 5800 0.043392
17 5500 0.043626
17 5200 0.043433
17 4900 0.043664
17 4600 0.043418
17 4300 0.043684
17 4000 0.043309
17 3700 0.043644
17 3400 0.043758
17 3100 0.043593
17 2800 0.043641
17 2500 0.043512
17 2200 0.043430
17 1900 0.043488
17 1600 0.043337
17 1300 0.043674
17 1000 0.043350
17 700 0.043606
17 400 0.043296
17 100 0.043507
16 10000 0.043437
16 9700 0.043256
16 9400 0.043340
16 9100 0.043494
16 8800 0.043538
16 8500 0.043255
16 8200 0.043562
16 7900 0.043459
16 7600 0.043645
16 7300 0.043463
16 7000 0.043351
16 6700 0.043348
16 6400 0.043466
16 6100 0.043656
16 5800 0.043610
16 5500 0.043309
16 5200 0.043356
16 4900 0.043467
16 4600 0.043470
16 4300 0.043404
16 4000 0.043418
16 3700 0.043324
16 3400 0.043397
16 3100 0.043509
16 2800 0.043440
16 2500 0.043728
16 2200 0.043356
16 1900 0.043503
16 1600 0.043377
16 1300 0.043317
16 1000 0.043372
16 700 0.043573
16 400 0.043460
16 100 0.043327
15 10000 0.043446
15 9700 0.043599
15 9400 0.043404
15 9100 0.043647
15 8800 0.043583
15 8500 0.043316
15 8200 0.043479
15 7900 0.043501
15 7600 0.043363
15 7300 0.043581
15 7000 0.043422
15 6700 0.043382
15 6400 0.043493
15 6100 0.043507
15 5800 0.043403
15 5500 0.043287
15 5200 0.043349
15 4900 0.043260
15 4600 0.043334
15 4300 0.043311
15 4000 0.043302
15 3700 0.043297
15 3400 0.043425
15 3100 0.043514
15 2800 0.043344
15 2500 0.043333
15 2200 0.043217
15 1900 0.043540
15 1600 0.043404
15 1300 0.043506
15 1000 0.043293
15 700 0.043452
15 400 0.043329
15 100 0.043533
14 10000 0.043574
14 9700 0.043349
14 9400 0.043331
14 9100 0.043608
14 8800 0.043354
14 8500 0.043471
14 8200 0.043328
14 7900 0.043509
14 7600 0.043335
14 7300 0.043360
14 7000 0.043402
14 6700 0.043428
14 6400 0.043662
14 6100 0.043663
14 5800 0.043320
14 5500 0.043537
14 5200 0.043312
14 4900 0.043383
14 4600 0.043369
14 4300 0.043483
14 4000 0.043204
14 3700 0.043458
14 3400 0.043605
14 3100 0.043678
14 2800 0.043475
14 2500 0.043740
14 2200 0.043637
14 1900 0.043723
14 1600 0.043375
14 1300 0.043325
14 1000 0.043303
14 700 0.043805
14 400 0.043511
14 100 0.043317
13 10000 0.043539
13 9700 0.043504
13 9400 0.043571
13 9100 0.043596
13 8800 0.043865
13 8500 0.043501
13 8200 0.043614
13 7900 0.043520
13 7600 0.043633
13 7300 0.043755
13 7000 0.043446
13 6700 0.043452
13 6400 0.043430
13 6100 0.043360
13 5800 0.043313
13 5500 0.043230
13 5200 0.043384
13 4900 0.043578
13 4600 0.043356
13 4300 0.043335
13 4000 0.043369
13 3700 0.043473
13 3400 0.043500
13 3100 0.043319
13 2800 0.043384
13 2500 0.043397
13 2200 0.043373
13 1900 0.043559
13 1600 0.043319
13 1300 0.043648
13 1000 0.043591
13 700 0.043645
13 400 0.043444
13 100 0.043443
12 10000 0.043598
12 9700 0.043463
12 9400 0.043800
12 9100 0.043411
12 8800 0.043564
12 8500 0.043821
12 8200 0.043720
12 7900 0.043573
12 7600 0.043556
12 7300 0.043434
12 7000 0.043534
12 6700 0.043486
12 6400 0.043383
12 6100 0.043628
12 5800 0.043371
12 5500 0.044172
12 5200 0.043298
12 4900 0.043546
12 4600 0.043807
12 4300 0.043531
12 4000 0.043483
12 3700 0.043438
12 3400 0.043369
12 3100 0.043559
12 2800 0.043589
12 2500 0.043441
12 2200 0.043598
12 1900 0.043363
12 1600 0.043526
12 1300 0.043495
12 1000 0.043424
12 700 0.043331
12 400 0.043728
12 100 0.043464
11 10000 0.043423
11 9700 0.043520
11 9400 0.043426
11 9100 0.043445
11 8800 0.043720
11 8500 0.043451
11 8200 0.043626
11 7900 0.043470
11 7600 0.043745
11 7300 0.043577
11 7000 0.043315
11 6700 0.043465
11 6400 0.043834
11 6100 0.043600
11 5800 0.043651
11 5500 0.043603
11 5200 0.043507
11 4900 0.043542
11 4600 0.043539
11 4300 0.043704
11 4000 0.043782
11 3700 0.043470
11 3400 0.043643
11 3100 0.043645
11 2800 0.043536
11 2500 0.043641
11 2200 0.043572
11 1900 0.043697
11 1600 0.043634
11 1300 0.043669
11 1000 0.043770
11 700 0.043482
11 400 0.043552
11 100 0.043769
10 10000 0.043555
10 9700 0.043624
10 9400 0.043754
10 9100 0.043650
10 8800 0.043574
10 8500 0.043674
10 8200 0.043515
10 7900 0.043778
10 7600 0.043530
10 7300 0.043638
10 7000 0.043707
10 6700 0.043689
10 6400 0.043876
10 6100 0.043591
10 5800 0.043537
10 5500 0.043372
10 5200 0.043567
10 4900 0.043711
10 4600 0.043556
10 4300 0.043530
10 4000 0.043652
10 3700 0.043472
10 3400 0.043535
10 3100 0.043352
10 2800 0.043262
10 2500 0.043554
10 2200 0.043472
10 1900 0.043631
10 1600 0.043317
10 1300 0.043414
10 1000 0.043294
10 700 0.043544
10 400 0.043456
10 100 0.043393
9 10000 0.043462
9 9700 0.043449
9 9400 0.043407
9 9100 0.043549
9 8800 0.043251
9 8500 0.043512
9 8200 0.043728
9 7900 0.043288
9 7600 0.043423
9 7300 0.043598
9 7000 0.043357
9 6700 0.043337
9 6400 0.043541
9 6100 0.043493
9 5800 0.043319
9 5500 0.043495
9 5200 0.043435
9 4900 0.043439
9 4600 0.043583
9 4300 0.043519
9 4000 0.043589
9 3700 0.043515
9 3400 0.043409
9 3100 0.043244
9 2800 0.043537
9 2500 0.043349
9 2200 0.043542
9 1900 0.043581
9 1600 0.043408
9 1300 0.043446
9 1000 0.043391
9 700 0.043305
9 400 0.043411
9 100 0.043541
8 10000 0.043601
8 9700 0.043285
8 9400 0.043419
8 9100 0.043504
8 8800 0.043267
8 8500 0.043562
8 8200 0.043430
8 7900 0.043550
8 7600 0.043500
8 7300 0.043490
8 7000 0.043452
8 6700 0.043511
8 6400 0.043634
8 6100 0.043359
8 5800 0.043462
8 5500 0.043451
8 5200 0.043534
8 4900 0.043484
8 4600 0.043475
8 4300 0.043351
8 4000 0.043389
8 3700 0.043498
8 3400 0.043635
8 3100 0.043532
8 2800 0.043682
8 2500 0.043286
8 2200 0.043282
8 1900 0.043328
8 1600 0.043366
8 1300 0.043332
8 1000 0.043702
8 700 0.043450
8 400 0.043625
8 100 0.043396
7 10000 0.043503
7 9700 0.043596
7 9400 0.043277
7 9100 0.043388
7 8800 0.043633
7 8500 0.043413
7 8200 0.043485
7 7900 0.043435
7 7600 0.043644
7 7300 0.043369
7 7000 0.043301
7 6700 0.043449
7 6400 0.043463
7 6100 0.043472
7 5800 0.043315
7 5500 0.043643
7 5200 0.043354
7 4900 0.043420
7 4600 0.043443
7 4300 0.043299
7 4000 0.043431
7 3700 0.043274
7 3400 0.043482
7 3100 0.043787
7 2800 0.043395
7 2500 0.043408
7 2200 0.043417
7 1900 0.043536
7 1600 0.043376
7 1300 0.043296
7 1000 0.043440
7 700 0.043348
7 400 0.043358
7 100 0.043491
6 10000 0.043542
6 9700 0.043441
6 9400 0.043245
6 9100 0.043308
6 8800 0.043352
6 8500 0.043513
6 8200 0.043356
6 7900 0.043468
6 7600 0.043357
6 7300 0.043363
6 7000 0.043564
6 6700 0.043600
6 6400 0.043372
6 6100 0.043351
6 5800 0.043654
6 5500 0.043321
6 5200 0.043423
6 4900 0.043373
6 4600 0.043434
6 4300 0.043250
6 4000 0.043361
6 3700 0.043387
6 3400 0.043655
6 3100 0.043334
6 2800 0.043333
6 2500 0.043443
6 2200 0.043534
6 1900 0.043449
6 1600 0.043330
6 1300 0.043460
6 1000 0.043372
6 700 0.043372
6 400 0.043378
6 100 0.043578
5 10000 0.043491
5 9700 0.043362
5 9400 0.043402
5 9100 0.043355
5 8800 0.043676
5 8500 0.043419
5 8200 0.043675
5 7900 0.043686
5 7600 0.043397
5 7300 0.043396
5 7000 0.043600
5 6700 0.043267
5 6400 0.043470
5 6100 0.043412
5 5800 0.043515
5 5500 0.043500
5 5200 0.043356
5 4900 0.043314
5 4600 0.043189
5 4300 0.043360
5 4000 0.043458
5 3700 0.043410
5 3400 0.043399
5 3100 0.043426
5 2800 0.043324
5 2500 0.043563
5 2200 0.043295
5 1900 0.043322
5 1600 0.043346
5 1300 0.043465
5 1000 0.043380
5 700 0.043375
5 400 0.043455
5 100 0.043446
4 10000 0.043545
4 9700 0.043334
4 9400 0.043400
4 9100 0.043590
4 8800 0.043299
4 8500 0.043360
4 8200 0.043498
4 7900 0.043564
4 7600 0.043441
4 7300 0.043440
4 7000 0.043292
4 6700 0.043401
4 6400 0.043401
4 6100 0.043340
4 5800 0.043561
4 5500 0.043492
4 5200 0.043507
4 4900 0.043457
4 4600 0.043414
4 4300 0.043408
4 4000 0.043455
4 3700 0.043482
4 3400 0.043266
4 3100 0.043245
4 2800 0.043570
4 2500 0.043439
4 2200 0.043360
4 1900 0.043385
4 1600 0.043267
4 1300 0.043470
4 1000 0.043476
4 700 0.043452
4 400 0.043454
4 100 0.043353
3 10000 0.043293
3 9700 0.043540
3 9400 0.043595
3 9100 0.043308
3 8800 0.043597
3 8500 0.043317
3 8200 0.043625
3 7900 0.043598
3 7600 0.043555
3 7300 0.043358
3 7000 0.043354
3 6700 0.043306
3 6400 0.043348
3 6100 0.043339
3 5800 0.043441
3 5500 0.043362
3 5200 0.043358
3 4900 0.043540
3 4600 0.043335
3 4300 0.043406
3 4000 0.043381
3 3700 0.043432
3 3400 0.043619
3 3100 0.043241
3 2800 0.043326
3 2500 0.043437
3 2200 0.043212
3 1900 0.043394
3 1600 0.043493
3 1300 0.043256
3 1000 0.043445
3 700 0.043421
3 400 0.043633
3 100 0.043419
2 10000 0.043244
2 9700 0.043722
2 9400 0.043602
2 9100 0.043474
2 8800 0.043342
2 8500 0.043488
2 8200 0.043322
2 7900 0.043523
2 7600 0.043392
2 7300 0.043399
2 7000 0.043686
2 6700 0.043454
2 6400 0.043470
2 6100 0.043383
2 5800 0.043276
2 5500 0.043531
2 5200 0.043427
2 4900 0.043552
2 4600 0.043592
2 4300 0.043438
2 4000 0.043628
2 3700 0.043463
2 3400 0.043495
2 3100 0.043446
2 2800 0.043377
2 2500 0.043548
2 2200 0.043446
2 1900 0.043692
2 1600 0.043446
2 1300 0.043490
2 1000 0.043483
2 700 0.043351
2 400 0.043631
2 100 0.043320
1 10000 0.043577
1 9700 0.043308
1 9400 0.043406
1 9100 0.043216
1 8800 0.043360
1 8500 0.043310
1 8200 0.043486
1 7900 0.043561
1 7600 0.043436
1 7300 0.043619
1 7000 0.043397
1 6700 0.043382
1 6400 0.043361
1 6100 0.043507
1 5800 0.043407
1 5500 0.043455
1 5200 0.043356
1 4900 0.043402
1 4600 0.043486
1 4300 0.043391
1 4000 0.043317
1 3700 0.043451
1 3400 0.043472
1 3100 0.043483
1 2800 0.043474
1 2500 0.043268
1 2200 0.043354
1 1900 0.043375
1 1600 0.043542
1 1300 0.043635
1 1000 0.043458
1 700 0.043633
1 400 0.043736
1 100 0.043405
