32 10000 0.028466
32 9700 0.028457
32 9400 0.028420
32 9100 0.028448
32 8800 0.028434
32 8500 0.028465
32 8200 0.028437
32 7900 0.028438
32 7600 0.028462
32 7300 0.028439
32 7000 0.030402
32 6700 0.032026
32 6400 0.032025
32 6100 0.032032
32 5800 0.032055
32 5500 0.032004
32 5200 0.032024
32 4900 0.032026
32 4600 0.032022
32 4300 0.032007
32 4000 0.032032
32 3700 0.032025
32 3400 0.032018
32 3100 0.032025
32 2800 0.032036
32 2500 0.032012
32 2200 0.032001
32 1900 0.032013
32 1600 0.032124
32 1300 0.032353
32 1000 0.032017
32 700 0.031994
32 400 0.032004
32 100 0.032028
31 10000 0.031984
31 9700 0.032004
31 9400 0.032039
31 9100 0.032009
31 8800 0.032000
31 8500 0.032007
31 8200 0.032052
31 7900 0.031996
31 7600 0.032024
31 7300 0.031997
31 7000 0.032026
31 6700 0.032031
31 6400 0.031993
31 6100 0.032003
31 5800 0.032046
31 5500 0.032037
31 5200 0.031999
31 4900 0.032201
31 4600 0.032033
31 4300 0.032047
31 4000 0.032004
31 3700 0.032059
31 3400 0.032010
31 3100 0.032007
31 2800 0.032011
31 2500 0.031996
31 2200 0.032040
31 1900 0.032024
31 1600 0.031999
31 1300 0.032005
31 1000 0.032022
31 700 0.031991
31 400 0.032001
31 100 0.032012
30 10000 0.032009
30 9700 0.032035
30 9400 0.032010
30 9100 0.031995
30 8800 0.032019
30 8500 0.028704
30 8200 0.022173
30 7900 0.020455
30 7600 0.020438
30 7300 0.020434
30 7000 0.020422
30 6700 0.020439
30 6400 0.020454
30 6100 0.020434
30 5800 0.020431
30 5500 0.020453
30 5200 0.020429
30 4900 0.020426
30 4600 0.020426
30 4300 0.020429
30 4000 0.020446
30 3700 0.020492
30 3400 0.020429
30 3100 0.020447
30 2800 0.020429
30 2500 0.020479
30 2200 0.020439
30 1900 0.020435
30 1600 0.020431
30 1300 0.020429
30 1000 0.020443
30 700 0.020432
30 400 0.020470
30 100 0.020437
29 10000 0.020433
29 9700 0.020440
29 9400 0.020439
29 9100 0.020437
29 8800 0.020439
29 8500 0.020430
29 8200 0.020446
29 7900 0.020429
29 7600 0.020429
29 7300 0.020436
29 7000 0.020434
29 6700 0.020458
29 6400 0.020434
29 6100 0.020429
29 5800 0.020451
29 5500 0.020484
29 5200 0.020442
29 4900 0.020444
29 4600 0.020436
29 4300 0.020431
29 4000 0.020444
29 3700 0.020451
29 3400 0.020448
29 3100 0.020438
29 2800 0.020427
29 2500 0.020449
29 2200 0.020439
29 1900 0.020432
29 1600 0.020484
29 1300 0.020445
29 1000 0.020446
29 700 0.020435
29 400 0.020426
29 100 0.020439
28 10000 0.020432
28 9700 0.020453
28 9400 0.020454
28 9100 0.020467
28 8800 0.020481
28 8500 0.020445
28 8200 0.020523
28 7900 0.020435
28 7600 0.020480
28 7300 0.020436
28 7000 0.020505
28 6700 0.020439
28 6400 0.020430
28 6100 0.020437
28 5800 0.020453
28 5500 0.020440
28 5200 0.020439
28 4900 0.020432
28 4600 0.020427
28 4300 0.020432
28 4000 0.020425
28 3700 0.020435
28 3400 0.020432
28 3100 0.020427
28 2800 0.020441
28 2500 0.020432
28 2200 0.020450
28 1900 0.020430
28 1600 0.020439
28 1300 0.020434
28 1000 0.020429
28 700 0.020445
28 400 0.020434
28 100 0.020451
27 10000 0.020427
27 9700 0.020436
27 9400 0.020438
27 9100 0.020443
27 8800 0.020446
27 8500 0.020430
27 8200 0.020453
27 7900 0.020478
27 7600 0.020432
27 7300 0.020438
27 7000 0.020436
27 6700 0.020467
27 6400 0.020438
27 6100 0.020438
27 5800 0.020430
27 5500 0.020439
27 5200 0.020438
27 4900 0.020467
27 4600 0.020457
27 4300 0.020447
27 4000 0.020428
27 3700 0.020449
27 3400 0.020428
27 3100 0.020430
27 2800 0.020465
27 2500 0.020438
27 2200 0.020442
27 1900 0.020429
27 1600 0.020459
27 1300 0.020430
27 1000 0.020445
27 700 0.020463
27 400 0.020434
27 100 0.020434
26 10000 0.020422
26 9700 0.020432
26 9400 0.020437
26 9100 0.020428
26 8800 0.020441
26 8500 0.020432
26 8200 0.020450
26 7900 0.020451
26 7600 0.020435
26 7300 0.020428
26 7000 0.020441
26 6700 0.020429
26 6400 0.020436
26 6100 0.020438
26 5800 0.020429
26 5500 0.020446
26 5200 0.020438
26 4900 0.020448
26 4600 0.020431
26 4300 0.020563
26 4000 0.020427
26 3700 0.020455
26 3400 0.020430
26 3100 0.020429
26 2800 0.020441
26 2500 0.020428
26 2200 0.020438
26 1900 0.020426
26 1600 0.020429
26 1300 0.020454
26 1000 0.020426
26 700 0.020442
26 400 0.020447
26 100 0.020442
25 10000 0.020491
25 9700 0.020464
25 9400 0.020458
25 9100 0.020457
25 8800 0.020431
25 8500 0.020435
25 8200 0.020443
25 7900 0.020467
25 7600 0.020444
25 7300 0.020430
25 7000 0.020443
25 6700 0.020424
25 6400 0.020439
25 6100 0.020439
25 5800 0.020447
25 5500 0.020432
25 5200 0.020431
25 4900 0.020441
25 4600 0.020427
25 4300 0.020437
25 4000 0.020464
25 3700 0.020450
25 3400 0.020437
25 3100 0.020437
25 2800 0.020439
25 2500 0.020428
25 2200 0.020432
25 1900 0.020451
25 1600 0.020442
25 1300 0.020428
25 1000 0.020437
25 700 0.020436
25 400 0.020451
25 100 0.020461
24 10000 0.020435
24 9700 0.020432
24 9400 0.020437
24 9100 0.020434
24 8800 0.020431
24 8500 0.020437
24 8200 0.020430
24 7900 0.020450
24 7600 0.020433
24 7300 0.020429
24 7000 0.020433
24 6700 0.020433
24 6400 0.020441
24 6100 0.020428
24 5800 0.020428
24 5500 0.020454
24 5200 0.020440
24 4900 0.020445
24 4600 0.020428
24 4300 0.020435
24 4000 0.020427
24 3700 0.020430
24 3400 0.020438
24 3100 0.020425
24 2800 0.020494
24 2500 0.020437
24 2200 0.020647
24 1900 0.020537
24 1600 0.020448
24 1300 0.020427
24 1000 0.020467
24 700 0.020454
24 400 0.020440
24 100 0.020426
23 10000 0.020433
23 9700 0.020436
23 9400 0.020437
23 9100 0.020466
23 8800 0.020441
23 8500 0.020437
23 8200 0.020435
23 7900 0.020445
23 7600 0.020426
23 7300 0.020440
23 7000 0.020433
23 6700 0.020430
23 6400 0.020453
23 6100 0.020428
23 5800 0.020432
23 5500 0.020442
23 5200 0.020432
23 4900 0.020436
23 4600 0.020434
23 4300 0.020430
23 4000 0.020438
23 3700 0.020435
23 3400 0.020443
23 3100 0.020430
23 2800 0.020423
23 2500 0.020441
23 2200 0.020425
23 1900 0.020437
23 1600 0.020458
23 1300 0.020425
23 1000 0.020465
23 700 0.020466
23 400 0.020446
23 100 0.020425
22 10000 0.020459
22 9700 0.020442
22 9400 0.020446
22 9100 0.020428
22 8800 0.020423
22 8500 0.020435
22 8200 0.020457
22 7900 0.020478
22 7600 0.020470
22 7300 0.020430
22 7000 0.020422
22 6700 0.020420
22 6400 0.020434
22 6100 0.020465
22 5800 0.020439
22 5500 0.020424
22 5200 0.020433
22 4900 0.020426
22 4600 0.020434
22 4300 0.020426
22 4000 0.020435
22 3700 0.020465
22 3400 0.020454
22 3100 0.020428
22 2800 0.020433
22 2500 0.020428
22 2200 0.020426
22 1900 0.020438
22 1600 0.020449
22 1300 0.020439
22 1000 0.020444
22 700 0.020431
22 400 0.020440
22 100 0.020426
21 10000 0.020431
21 9700 0.020430
21 9400 0.020434
21 9100 0.020444
21 8800 0.020430
21 8500 0.020430
21 8200 0.020427
21 7900 0.020453
21 7600 0.020456
21 7300 0.020441
21 7000 0.020444
21 6700 0.020436
21 6400 0.020444
21 6100 0.020440
21 5800 0.020459
21 5500 0.020445
21 5200 0.020436
21 4900 0.020432
21 4600 0.020452
21 4300 0.020429
21 4000 0.020447
21 3700 0.020435
21 3400 0.020433
21 3100 0.021138
21 2800 0.020462
21 2500 0.020428
21 2200 0.020430
21 1900 0.020457
21 1600 0.020448
21 1300 0.020429
21 1000 0.020432
21 700 0.020430
21 400 0.020452
21 100 0.020444
20 10000 0.020460
20 9700 0.020437
20 9400 0.020437
20 9100 0.020441
20 8800 0.020426
20 8500 0.020433
20 8200 0.020454
20 7900 0.020429
20 7600 0.020453
20 7300 0.020439
20 7000 0.020440
20 6700 0.020429
20 6400 0.020433
20 6100 0.020439
20 5800 0.020429
20 5500 0.020434
20 5200 0.020449
20 4900 0.020464
20 4600 0.020444
20 4300 0.020433
20 4000 0.020429
20 3700 0.020439
20 3400 0.020439
20 3100 0.020441
20 2800 0.020448
20 2500 0.020449
20 2200 0.020456
20 1900 0.020461
20 1600 0.020450
20 1300 0.020459
20 1000 0.020446
20 700 0.020443
20 400 0.020444
20 100 0.020473
19 10000 0.020457
19 9700 0.020452
19 9400 0.020454
19 9100 0.020450
19 8800 0.020455
19 8500 0.020450
19 8200 0.020483
19 7900 0.020470
19 7600 0.020455
19 7300 0.020434
19 7000 0.020429
19 6700 0.020429
19 6400 0.020443
19 6100 0.020447
19 5800 0.020455
19 5500 0.020444
19 5200 0.020460
19 4900 0.020449
19 4600 0.020459
19 4300 0.020444
19 4000 0.020443
19 3700 0.020476
19 3400 0.020444
19 3100 0.020463
19 2800 0.020477
19 2500 0.020516
19 2200 0.020429
19 1900 0.020439
19 1600 0.020453
19 1300 0.020442
19 1000 0.020425
19 700 0.020426
19 400 0.020436
19 100 0.020463
18 10000 0.020440
18 9700 0.020428
18 9400 0.020445
18 9100 0.020432
18 8800 0.020443
18 8500 0.020435
18 8200 0.020462
18 7900 0.020447
18 7600 0.020445
18 7300 0.020442
18 7000 0.020429
18 6700 0.020442
18 6400 0.020447
18 6100 0.020450
18 5800 0.020438
18 5500 0.020429
18 5200 0.020442
18 4900 0.020428
18 4600 0.020440
18 4300 0.020471
18 4000 0.020448
18 3700 0.020422
18 3400 0.020430
18 3100 0.020439
18 2800 0.020425
18 2500 0.020429
18 2200 0.020427
18 1900 0.020438
18 1600 0.020457
18 1300 0.020440
18 1000 0.020428
18 700 0.020430
18 400 0.020438
18 100 0.020440
17 10000 0.020431
17 9700 0.020435
17 9400 0.020436
17 9100 0.020426
17 8800 0.020452
17 8500 0.020446
17 8200 0.020551
17 7900 0.020424
17 7600 0.020422
17 7300 0.020454
17 7000 0.020434
17 6700 0.020449
17 6400 0.020451
17 6100 0.020453
17 5800 0.020450
17 5500 0.020435
17 5200 0.020439
17 4900 0.020448
17 4600 0.020460
17 4300 0.020460
17 4000 0.020439
17 3700 0.020451
17 3400 0.020442
17 3100 0.020615
17 2800 0.020488
17 2500 0.020450
17 2200 0.020427
17 1900 0.020436
17 1600 0.020437
17 1300 0.020425
17 1000 0.020426
17 700 0.020454
17 400 0.020429
17 100 0.020440
16 10000 0.020432
16 9700 0.020427
16 9400 0.020423
16 9100 0.020432
16 8800 0.020485
16 8500 0.020423
16 8200 0.020425
16 7900 0.020435
16 7600 0.020446
16 7300 0.020435
16 7000 0.020425
16 6700 0.020428
16 6400 0.020439
16 6100 0.020429
16 5800 0.020440
16 5500 0.020451
16 5200 0.020448
16 4900 0.020431
16 4600 0.020430
16 4300 0.020472
16 4000 0.020476
16 3700 0.020463
16 3400 0.020449
16 3100 0.020429
16 2800 0.020437
16 2500 0.020424
16 2200 0.020432
16 1900 0.020424
16 1600 0.020490
16 1300 0.020457
16 1000 0.020426
16 700 0.020436
16 400 0.020434
16 100 0.020430
15 10000 0.020435
15 9700 0.020447
15 9400 0.020441
15 9100 0.020433
15 8800 0.020455
15 8500 0.020439
15 8200 0.020433
15 7900 0.020426
15 7600 0.020429
15 7300 0.020432
15 7000 0.020437
15 6700 0.020431
15 6400 0.020441
15 6100 0.020426
15 5800 0.020566
15 5500 0.020733
15 5200 0.020478
15 4900 0.020424
15 4600 0.020446
15 4300 0.020470
15 4000 0.020439
15 3700 0.020432
15 3400 0.020426
15 3100 0.020439
15 2800 0.020450
15 2500 0.020463
15 2200 0.020441
15 1900 0.020436
15 1600 0.020461
15 1300 0.020455
15 1000 0.020433
15 700 0.020433
15 400 0.020477
15 100 0.020441
14 10000 0.020451
14 9700 0.020425
14 9400 0.020453
14 9100 0.020442
14 8800 0.020426
14 8500 0.020466
14 8200 0.020428
14 7900 0.020433
14 7600 0.020421
14 7300 0.020443
14 7000 0.020434
14 6700 0.020427
14 6400 0.020431
14 6100 0.020426
14 5800 0.020460
14 5500 0.020437
14 5200 0.020469
14 4900 0.020444
14 4600 0.020446
14 4300 0.020451
14 4000 0.020452
14 3700 0.020430
14 3400 0.020428
14 3100 0.020446
14 2800 0.020441
14 2500 0.020428
14 2200 0.020426
14 1900 0.020462
14 1600 0.020424
14 1300 0.020443
14 1000 0.020451
14 700 0.020437
14 400 0.020434
14 100 0.020429
13 10000 0.020443
13 9700 0.020429
13 9400 0.020427
13 9100 0.020426
13 8800 0.020435
13 8500 0.020447
13 8200 0.020427
13 7900 0.020434
13 7600 0.020427
13 7300 0.020449
13 7000 0.020454
13 6700 0.020437
13 6400 0.020427
13 6100 0.020427
13 5800 0.020434
13 5500 0.020445
13 5200 0.020445
13 4900 0.020449
13 4600 0.020431
13 4300 0.020427
13 4000 0.020449
13 3700 0.020432
13 3400 0.020452
13 3100 0.020431
13 2800 0.020442
13 2500 0.020454
13 2200 0.020431
13 1900 0.020430
13 1600 0.020440
13 1300 0.020437
13 1000 0.020430
13 700 0.020424
13 400 0.020459
13 100 0.020434
12 10000 0.020448
12 9700 0.020429
12 9400 0.020429
12 9100 0.020433
12 8800 0.020430
12 8500 0.020443
12 8200 0.020449
12 7900 0.020450
12 7600 0.020436
12 7300 0.020435
12 7000 0.020439
12 6700 0.020451
12 6400 0.020454
12 6100 0.020451
12 5800 0.020439
12 5500 0.020455
12 5200 0.020431
12 4900 0.020429
12 4600 0.020432
12 4300 0.020454
12 4000 0.020457
12 3700 0.020439
12 3400 0.020428
12 3100 0.020445
12 2800 0.020434
12 2500 0.020448
12 2200 0.020447
12 1900 0.020431
12 1600 0.020428
12 1300 0.020436
12 1000 0.020450
12 700 0.020429
12 400 0.020980
12 100 0.020460
11 10000 0.020435
11 9700 0.020438
11 9400 0.020430
11 9100 0.020440
11 8800 0.020440
11 8500 0.020440
11 8200 0.020429
11 7900 0.020428
11 7600 0.020438
11 7300 0.020431
11 7000 0.020463
11 6700 0.020442
11 6400 0.020433
11 6100 0.020446
11 5800 0.020438
11 5500 0.020471
11 5200 0.020445
11 4900 0.020446
11 4600 0.020425
11 4300 0.020437
11 4000 0.020434
11 3700 0.020432
11 3400 0.020434
11 3100 0.020442
11 2800 0.020447
11 2500 0.020437
11 2200 0.020431
11 1900 0.020427
11 1600 0.020441
11 1300 0.020431
11 1000 0.020480
11 700 0.020431
11 400 0.020424
11 100 0.020429
10 10000 0.020436
10 9700 0.020436
10 9400 0.020425
10 9100 0.020435
10 8800 0.020431
10 8500 0.020433
10 8200 0.020441
10 7900 0.020436
10 7600 0.020432
10 7300 0.020424
10 7000 0.020436
10 6700 0.020440
10 6400 0.020442
10 6100 0.020440
10 5800 0.020456
10 5500 0.020445
10 5200 0.020443
10 4900 0.020432
10 4600 0.020434
10 4300 0.020429
10 4000 0.020483
10 3700 0.020448
10 3400 0.020434
10 3100 0.020431
10 2800 0.020435
10 2500 0.020439
10 2200 0.020445
10 1900 0.020450
10 1600 0.020456
10 1300 0.020446
10 1000 0.020436
10 700 0.020434
10 400 0.020427
10 100 0.020441
9 10000 0.020457
9 9700 0.020448
9 9400 0.020428
9 9100 0.020430
9 8800 0.020435
9 8500 0.020429
9 8200 0.020448
9 7900 0.020436
9 7600 0.020427
9 7300 0.020427
9 7000 0.020432
9 6700 0.020439
9 6400 0.020424
9 6100 0.020429
9 5800 0.020425
9 5500 0.020447
9 5200 0.020438
9 4900 0.020437
9 4600 0.020427
9 4300 0.020432
9 4000 0.020436
9 3700 0.020434
9 3400 0.020436
9 3100 0.020429
9 2800 0.020444
9 2500 0.020450
9 2200 0.020449
9 1900 0.020427
9 1600 0.020554
9 1300 0.020428
9 1000 0.020433
9 700 0.020471
9 400 0.020441
9 100 0.020444
8 10000 0.020442
8 9700 0.020446
8 9400 0.020426
8 9100 0.020424
8 8800 0.020476
8 8500 0.020435
8 8200 0.020446
8 7900 0.020442
8 7600 0.020446
8 7300 0.020452
8 7000 0.020475
8 6700 0.020444
8 6400 0.020456
8 6100 0.020426
8 5800 0.020437
8 5500 0.020446
8 5200 0.020439
8 4900 0.020434
8 4600 0.020431
8 4300 0.020436
8 4000 0.020425
8 3700 0.020434
8 3400 0.020433
8 3100 0.020422
8 2800 0.020427
8 2500 0.020439
8 2200 0.020438
8 1900 0.020433
8 1600 0.020429
8 1300 0.020426
8 1000 0.020434
8 700 0.020451
8 400 0.020425
8 100 0.020442
7 10000 0.020424
7 9700 0.020481
7 9400 0.020455
7 9100 0.020443
7 8800 0.020431
7 8500 0.020427
7 8200 0.020442
7 7900 0.020454
7 7600 0.020439
7 7300 0.020441
7 7000 0.020432
7 6700 0.020447
7 6400 0.020433
7 6100 0.020432
7 5800 0.020450
7 5500 0.020437
7 5200 0.020451
7 4900 0.020430
7 4600 0.020429
7 4300 0.020445
7 4000 0.020454
7 3700 0.020441
7 3400 0.020434
7 3100 0.020432
7 2800 0.020436
7 2500 0.020439
7 2200 0.020468
7 1900 0.020440
7 1600 0.020433
7 1300 0.020425
7 1000 0.020428
7 700 0.020443
7 400 0.020428
7 100 0.020458
6 10000 0.020458
6 9700 0.020432
6 9400 0.020444
6 9100 0.020654
6 8800 0.020516
6 8500 0.020436
6 8200 0.020426
6 7900 0.020440
6 7600 0.020442
6 7300 0.020427
6 7000 0.020436
6 6700 0.020457
6 6400 0.020440
6 6100 0.020423
6 5800 0.020429
6 5500 0.020435
6 5200 0.020434
6 4900 0.020456
6 4600 0.020448
6 4300 0.020435
6 4000 0.020429
6 3700 0.020450
6 3400 0.020429
6 3100 0.020430
6 2800 0.020437
6 2500 0.020426
6 2200 0.020439
6 1900 0.020429
6 1600 0.020431
6 1300 0.020450
6 1000 0.020446
6 700 0.020455
6 400 0.020440
6 100 0.020429
5 10000 0.020441
5 9700 0.020431
5 9400 0.020439
5 9100 0.020471
5 8800 0.020463
5 8500 0.020435
5 8200 0.020460
5 7900 0.020451
5 7600 0.020441
5 7300 0.020426
5 7000 0.020463
5 6700 0.020438
5 6400 0.020444
5 6100 0.020430
5 5800 0.020444
5 5500 0.020447
5 5200 0.020444
5 4900 0.020444
5 4600 0.020462
5 4300 0.020458
5 4000 0.020431
5 3700 0.020439
5 3400 0.020437
5 3100 0.020442
5 2800 0.020446
5 2500 0.020432
5 2200 0.020444
5 1900 0.020432
5 1600 0.020434
5 1300 0.020433
5 1000 0.020434
5 700 0.020441
5 400 0.020432
5 100 0.020437
4 10000 0.020436
4 9700 0.020432
4 9400 0.020440
4 9100 0.020460
4 8800 0.020447
4 8500 0.020444
4 8200 0.020431
4 7900 0.020445
4 7600 0.020429
4 7300 0.020428
4 7000 0.020436
4 6700 0.020431
4 6400 0.020452
4 6100 0.020440
4 5800 0.020436
4 5500 0.020450
4 5200 0.020449
4 4900 0.020437
4 4600 0.020429
4 4300 0.020442
4 4000 0.020462
4 3700 0.020490
4 3400 0.020457
4 3100 0.020436
4 2800 0.020431
4 2500 0.020435
4 2200 0.020434
4 1900 0.020444
4 1600 0.020447
4 1300 0.020445
4 1000 0.020438
4 700 0.020433
4 400 0.020442
4 100 0.020434
3 10000 0.020441
3 9700 0.020438
3 9400 0.020442
3 9100 0.020445
3 8800 0.020429
3 8500 0.020432
3 8200 0.020446
3 7900 0.020478
3 7600 0.020439
3 7300 0.020436
3 7000 0.020431
3 6700 0.020454
3 6400 0.020445
3 6100 0.020431
3 5800 0.020445
3 5500 0.020429
3 5200 0.020430
3 4900 0.020452
3 4600 0.020431
3 4300 0.020444
3 4000 0.020442
3 3700 0.020438
3 3400 0.020441
3 3100 0.020435
3 2800 0.020434
3 2500 0.020465
3 2200 0.020442
3 1900 0.020443
3 1600 0.020426
3 1300 0.020430
3 1000 0.020446
3 700 0.020430
3 400 0.020471
3 100 0.020449
2 10000 0.020449
2 9700 0.020467
2 9400 0.020453
2 9100 0.020468
2 8800 0.020448
2 8500 0.020451
2 8200 0.020438
2 7900 0.020436
2 7600 0.020617
2 7300 0.020434
2 7000 0.020438
2 6700 0.020435
2 6400 0.020425
2 6100 0.020438
2 5800 0.020428
2 5500 0.020438
2 5200 0.020428
2 4900 0.020441
2 4600 0.020433
2 4300 0.020425
2 4000 0.020431
2 3700 0.020430
2 3400 0.020450
2 3100 0.020454
2 2800 0.020432
2 2500 0.020448
2 2200 0.020426
2 1900 0.020443
2 1600 0.020425
2 1300 0.020451
2 1000 0.020434
2 700 0.020430
2 400 0.020436
2 100 0.020512
1 10000 0.020438
1 9700 0.020436
1 9400 0.020463
1 9100 0.020436
1 8800 0.020432
1 8500 0.020427
1 8200 0.020440
1 7900 0.020440
1 7600 0.020469
1 7300 0.020459
1 7000 0.020432
1 6700 0.020446
1 6400 0.020430
1 6100 0.020440
1 5800 0.020428
1 5500 0.020457
1 5200 0.020441
1 4900 0.020440
1 4600 0.020440
1 4300 0.020428
1 4000 0.020431
1 3700 0.020430
1 3400 0.020431
1 3100 0.020436
1 2800 0.020431
1 2500 0.020442
1 2200 0.020431
1 1900 0.020436
1 1600 0.020446
1 1300 0.020464
1 1000 0.020428
1 700 0.020436
1 400 0.020441
1 100 0.020449
