31 10000 0.170717
31 9600 0.114148
31 9200 0.114424
31 8800 0.125164
31 8400 0.118416
31 8000 0.120283
31 7600 0.120362
31 7200 0.129980
31 6800 0.129004
31 6400 0.117434
31 6000 0.114179
31 5600 0.121904
31 5200 0.118717
31 4800 0.114110
31 4400 0.117355
31 4000 0.118256
31 3600 0.118103
31 3200 0.116976
31 2800 0.114172
31 2400 0.114969
31 2000 0.116776
31 1600 0.114055
31 1200 0.114258
29 10000 0.114166
29 9600 0.114389
29 9200 0.114209
29 8800 0.114254
29 8400 0.114208
29 8000 0.118384
29 7600 0.126807
29 7200 0.114494
29 6800 0.114057
29 6400 0.114767
29 6000 0.128254
29 5600 0.114136
29 5200 0.114476
29 4800 0.114157
29 4400 0.125481
29 4000 0.114791
29 3600 0.114023
29 3200 0.114455
29 2800 0.119082
29 2400 0.114055
29 2000 0.114106
29 1600 0.114215
29 1200 0.117398
27 10000 0.126574
27 9600 0.114186
27 9200 0.114114
27 8800 0.114132
27 8400 0.114636
27 8000 0.114115
27 7600 0.114084
27 7200 0.114206
27 6800 0.126491
27 6400 0.124644
27 6000 0.120649
27 5600 0.120783
27 5200 0.128723
27 4800 0.135703
27 4400 0.124630
27 4000 0.120800
27 3600 0.121779
27 3200 0.120823
27 2800 0.121643
27 2400 0.114719
27 2000 0.119968
27 1600 0.123331
27 1200 0.114235
25 10000 0.114147
25 9600 0.119462
25 9200 0.121301
25 8800 0.114109
25 8400 0.114136
25 8000 0.114167
25 7600 0.122109
25 7200 0.120375
25 6800 0.120448
25 6400 0.120554
25 6000 0.126690
25 5600 0.117812
25 5200 0.122738
25 4800 0.122613
25 4400 0.126914
25 4000 0.125230
25 3600 0.126855
25 3200 0.123007
25 2800 0.125613
25 2400 0.127482
25 2000 0.117634
25 1600 0.114527
25 1200 0.121854
23 10000 0.128326
23 9600 0.128324
23 9200 0.126074
23 8800 0.120654
23 8400 0.120823
23 8000 0.120394
23 7600 0.114423
23 7200 0.119518
23 6800 0.123704
23 6400 0.114023
23 6000 0.114081
23 5600 0.115942
23 5200 0.124397
23 4800 0.114040
23 4400 0.114162
23 4000 0.114137
23 3600 0.120448
23 3200 0.114083
23 2800 0.114129
23 2400 0.118993
23 2000 0.129283
23 1600 0.135402
23 1200 0.135390
21 10000 0.116915
21 9600 0.124273
21 9200 0.128306
21 8800 0.128323
21 8400 0.124335
21 8000 0.124964
21 7600 0.128329
21 7200 0.128320
21 6800 0.116583
21 6400 0.124691
21 6000 0.128297
21 5600 0.128320
21 5200 0.134965
21 4800 0.134003
21 4400 0.115204
21 4000 0.114065
21 3600 0.114087
21 3200 0.123882
21 2800 0.128318
21 2400 0.128321
21 2000 0.134575
21 1600 0.135720
21 1200 0.135699
19 10000 0.134545
19 9600 0.121512
19 9200 0.126642
19 8800 0.115472
19 8400 0.114131
19 8000 0.114079
19 7600 0.122946
19 7200 0.114160
19 6800 0.114108
19 6400 0.114137
19 6000 0.121227
19 5600 0.128254
19 5200 0.128250
19 4800 0.128467
19 4400 0.119592
19 4000 0.114065
19 3600 0.114083
19 3200 0.114191
19 2800 0.117249
19 2400 0.128249
19 2000 0.128246
19 1600 0.131236
19 1200 0.132751
17 10000 0.120917
17 9600 0.114130
17 9200 0.114066
17 8800 0.114143
17 8400 0.114133
17 8000 0.114136
17 7600 0.114112
17 7200 0.114195
17 6800 0.124427
17 6400 0.128347
17 6000 0.128318
17 5600 0.117081
17 5200 0.120878
17 4800 0.114023
17 4400 0.114068
17 4000 0.114135
17 3600 0.119672
17 3200 0.126507
17 2800 0.114133
17 2400 0.114115
17 2000 0.114194
17 1600 0.114074
17 1200 0.114019
15 10000 0.114051
15 9600 0.115144
15 9200 0.125387
15 8800 0.124790
15 8400 0.114024
15 8000 0.114191
15 7600 0.122599
15 7200 0.120538
15 6800 0.114073
15 6400 0.114201
15 6000 0.118999
15 5600 0.118181
15 5200 0.114131
15 4800 0.114075
15 4400 0.114158
15 4000 0.114070
15 3600 0.114072
15 3200 0.114241
15 2800 0.119788
15 2400 0.124807
15 2000 0.128335
15 1600 0.125479
15 1200 0.114241
13 10000 0.121742
13 9600 0.114051
13 9200 0.114135
13 8800 0.117689
13 8400 0.120458
13 8000 0.120470
13 7600 0.120449
13 7200 0.120398
13 6800 0.115790
13 6400 0.114135
13 6000 0.114084
13 5600 0.114503
13 5200 0.115230
13 4800 0.126330
13 4400 0.120872
13 4000 0.121822
13 3600 0.120218
13 3200 0.127500
13 2800 0.117634
13 2400 0.114135
13 2000 0.114161
13 1600 0.121595
13 1200 0.115212
11 10000 0.114200
11 9600 0.114127
11 9200 0.114211
11 8800 0.114187
11 8400 0.114084
11 8000 0.114505
11 7600 0.120612
11 7200 0.118333
11 6800 0.114070
11 6400 0.114020
11 6000 0.114158
11 5600 0.122071
11 5200 0.128323
11 4800 0.119888
11 4400 0.118199
11 4000 0.117655
11 3600 0.115351
11 3200 0.114076
11 2800 0.114171
11 2400 0.114181
11 2000 0.114137
11 1600 0.114087
11 1200 0.114083
9 10000 0.114226
9 9600 0.124642
9 9200 0.115816
9 8800 0.114083
9 8400 0.114162
9 8000 0.121135
9 7600 0.121729
9 7200 0.120499
9 6800 0.120456
9 6400 0.120743
9 6000 0.120475
9 5600 0.120504
9 5200 0.120424
9 4800 0.123566
9 4400 0.132263
9 4000 0.120369
9 3600 0.120490
9 3200 0.123194
9 2800 0.132194
9 2400 0.120368
9 2000 0.120552
9 1600 0.121624
9 1200 0.128291
7 10000 0.124940
7 9600 0.114193
7 9200 0.114221
7 8800 0.129171
7 8400 0.114089
7 8000 0.114049
7 7600 0.114134
7 7200 0.124142
7 6800 0.128322
7 6400 0.119016
7 6000 0.119598
7 5600 0.128306
7 5200 0.128263
7 4800 0.128298
7 4400 0.119327
7 4000 0.124292
7 3600 0.128248
7 3200 0.128250
7 2800 0.130586
7 2400 0.128359
7 2000 0.114500
7 1600 0.114110
7 1200 0.114138
5 10000 0.122103
5 9600 0.121016
5 9200 0.114083
5 8800 0.114149
5 8400 0.118593
5 8000 0.128265
5 7600 0.128248
5 7200 0.125256
5 6800 0.118571
5 6400 0.118019
5 6000 0.114060
5 5600 0.115641
5 5200 0.121467
5 4800 0.135412
5 4400 0.132122
5 4000 0.114231
5 3600 0.114197
5 3200 0.114105
5 2800 0.114023
5 2400 0.114080
5 2000 0.114165
5 1600 0.119646
5 1200 0.114128
3 10000 0.114084
3 9600 0.114162
3 9200 0.114210
3 8800 0.114047
3 8400 0.114023
3 8000 0.114757
3 7600 0.114077
3 7200 0.127693
3 6800 0.118772
3 6400 0.114108
3 6000 0.114138
3 5600 0.124631
3 5200 0.118635
3 4800 0.114085
3 4400 0.114199
3 4000 0.121134
3 3600 0.128084
3 3200 0.114024
3 2800 0.114142
3 2400 0.118268
3 2000 0.128316
3 1600 0.121532
3 1200 0.114197
1 10000 0.116027
1 9600 0.127486
1 9200 0.120697
1 8800 0.118639
1 8400 0.114108
1 8000 0.128115
1 7600 0.128322
1 7200 0.114331
1 6800 0.114157
1 6400 0.126205
1 6000 0.120349
1 5600 0.114022
1 5200 0.114164
1 4800 0.123060
1 4400 0.124820
1 4000 0.114407
1 3600 0.114121
1 3200 0.120146
1 2800 0.126351
1 2400 0.114164
1 2000 0.114080
1 1600 0.117032
1 1200 0.128264
